1000 9908
565 793
753 457
872 489
471 763
648 324
6 292
707 441
178 697
413 318
143 85
522 846
599 364
268 906
731 348
734 557
181 691
854 154
527 96
678 980
95 98
772 546
481 714
834 206
838 654
30 987
181 597
847 628
630 364
486 564
490 699
382 613
520 208
60 249
406 469
554 582
844 537
944 923
636 667
676 290
956 18
182 430
415 794
295 709
740 824
407 731
413 666
454 91
748 355
508 536
839 564
698 568
681 686
934 712
337 480
745 483
814 17
653 304
710 803
239 933
3 286
497 666
24 726
443 284
617 697
444 563
324 9
128 820
758 686
618 21
642 805
405 92
319 135
871 986
316 626
693 406
399 287
572 533
422 660
81 22
724 712
341 556
566 63
931 494
811 836
668 715
336 100
742 988
691 794
543 261
216 698
18 400
240 415
95 787
995 257
63 497
599 131
322 248
458 445
777 39
804 840
271 277
829 716
207 651
933 904
821 935
588 118
476 696
919 510
832 384
647 815
299 581
908 621
804 558
790 521
504 928
964 960
158 786
148 953
51 372
481 432
27 972
162 877
622 527
852 855
444 147
157 934
620 84
657 486
624 159
71 803
326 203
245 425
852 391
433 23
698 621
590 567
997 543
340 706
657 913
992 241
82 137
870 246
196 385
932 285
845 556
537 459
422 839
519 303
741 619
651 383
34 343
440 546
612 920
662 540
64 930
998 229
211 693
203 709
521 569
495 474
674 615
335 653
579 628
717 421
243 482
924 577
484 984
659 276
588 470
699 535
574 641
722 958
8 674
392 193
669 709
109 454
493 39
366 335
833 394
762 528
748 547
517 240
648 865
394 997
963 680
242 530
425 57
691 306
913 284
507 981
933 209
950 849
855 748
92 940
808 389
863 161
477 870
848 902
306 78
36 827
58 991
137 15
857 873
72 751
352 367
448 102
758 187
881 583
871 376
563 955
412 917
272 96
456 285
560 659
724 110
118 693
948 886
847 704
541 993
840 498
417 519
126 19
477 347
390 306
46 304
120 483
845 976
976 641
337 185
233 120
788 336
150 589
323 907
702 645
967 739
533 117
238 485
258 917
545 335
926 92
360 19
345 481
306 937
864 899
295 55
333 320
890 655
47 694
176 389
604 989
518 21
264 808
462 911
899 126
692 296
323 455
90 454
511 618
611 238
648 910
702 193
670 355
346 799
717 828
167 479
632 748
304 979
963 644
160 87
948 240
219 748
460 15
184 460
79 517
445 443
653 758
736 788
980 437
717 751
294 640
540 168
559 252
876 16
235 920
878 962
865 481
496 332
317 850
856 28
766 547
169 324
700 405
904 690
127 913
110 950
595 646
540 509
908 121
358 128
451 510
822 531
561 554
456 392
917 261
545 429
666 7
483 977
690 385
345 912
55 17
667 915
27 703
37 695
957 998
764 516
211 764
881 800
917 72
595 866
334 250
250 973
345 547
486 88
220 741
276 55
716 526
996 326
100 275
823 339
617 592
711 813
213 477
919 928
918 733
462 713
198 787
414 876
437 405
534 557
179 591
649 277
498 165
247 482
910 716
488 467
678 664
73 831
422 474
834 954
617 314
527 333
350 904
891 164
415 820
999 698
434 366
821 834
738 375
597 557
535 564
368 502
829 343
813 818
887 449
283 127
526 169
583 968
51 203
1 137
218 600
311 517
826 795
496 394
743 518
891 883
784 599
985 250
438 648
41 178
832 323
109 237
411 320
822 802
326 93
613 642
774 961
442 566
829 170
761 204
448 890
329 41
23 821
830 703
211 461
524 248
396 329
477 676
720 913
610 285
509 19
417 463
126 43
456 51
590 762
520 764
885 262
23 539
286 187
825 555
898 297
920 273
63 943
284 904
195 255
638 81
16 986
498 666
663 600
542 795
402 286
711 896
593 561
327 780
507 287
271 848
224 635
760 669
817 490
410 896
30 489
215 951
695 457
152 375
355 848
327 302
631 380
685 551
268 984
416 43
659 217
826 618
708 473
995 145
887 135
643 449
969 782
607 16
402 165
212 764
142 227
695 909
723 744
669 786
908 622
502 77
583 940
515 660
316 175
383 218
41 29
478 234
101 917
502 252
666 699
577 492
175 191
639 378
605 438
218 862
379 415
460 823
448 215
348 437
966 105
776 437
444 259
357 289
412 801
627 117
427 560
46 426
712 642
465 278
706 844
525 264
617 660
391 955
283 850
462 670
859 755
290 202
54 915
497 534
998 508
266 163
894 475
451 737
693 354
241 410
885 685
449 757
11 330
234 529
196 513
424 789
731 54
677 822
168 29
199 438
956 110
647 334
858 125
587 521
569 6
74 940
844 184
755 495
424 563
246 742
906 471
85 300
985 374
514 996
364 789
648 866
385 844
473 269
227 23
873 553
478 72
161 741
470 361
697 283
909 96
773 918
721 493
425 56
355 778
446 710
543 828
568 40
472 125
471 881
274 463
867 84
78 909
292 319
796 255
943 120
787 444
213 795
967 390
689 534
62 528
688 943
84 40
838 497
587 179
654 427
810 606
196 689
141 300
897 626
754 819
885 43
758 811
524 823
378 559
966 484
714 389
644 499
738 287
667 793
462 135
728 793
413 577
50 829
182 262
607 611
277 242
334 509
64 737
885 247
33 598
129 59
223 975
594 209
443 327
432 656
139 78
103 401
326 752
572 760
793 253
99 834
707 899
927 142
272 700
312 505
883 66
901 623
775 74
177 753
343 181
915 812
721 13
918 673
517 156
47 689
301 737
413 423
75 691
293 721
759 354
560 284
47 550
527 360
491 927
125 622
164 834
596 845
744 88
433 807
856 141
532 257
915 123
184 239
955 870
523 590
709 74
570 559
130 624
247 861
263 984
74 309
203 411
353 490
99 218
395 717
583 116
221 723
995 788
634 188
249 154
696 471
87 635
439 269
478 333
279 164
429 887
321 662
49 156
785 231
126 451
73 213
273 267
311 375
439 418
939 858
779 513
411 389
529 218
692 562
642 283
491 851
504 706
187 442
779 670
562 98
893 532
200 874
715 576
220 162
704 255
709 98
548 32
919 451
957 628
279 616
283 877
90 581
346 491
861 472
310 70
189 911
836 138
286 239
254 803
845 836
842 34
667 688
564 796
584 242
967 592
864 834
572 627
149 302
794 565
245 853
673 940
895 960
472 731
803 289
208 181
237 640
323 132
712 960
665 689
941 612
158 342
659 335
938 250
584 654
255 935
732 146
735 489
367 565
69 815
783 378
792 458
167 450
498 535
282 536
530 322
327 248
277 803
80 443
189 247
126 690
293 9
460 558
563 167
624 919
975 660
41 177
463 238
458 84
735 818
776 267
942 376
66 695
861 888
863 840
813 757
619 170
714 74
628 660
943 47
45 924
541 823
633 837
417 605
404 845
867 697
561 326
248 71
728 721
784 163
569 752
115 793
424 6
391 86
399 635
738 553
730 617
338 436
877 858
418 67
989 408
390 37
391 884
803 332
668 854
342 349
489 767
626 1000
811 838
968 875
915 868
186 680
560 341
468 530
858 102
986 83
738 53
94 588
539 705
455 724
86 48
731 269
221 855
5 438
523 569
356 478
14 188
566 633
806 168
459 991
207 661
877 253
443 547
481 724
958 326
706 487
389 969
123 283
986 919
269 819
832 305
283 459
983 165
329 281
458 127
459 650
635 277
32 952
841 438
990 209
967 235
689 634
562 456
525 212
434 855
703 28
908 918
900 648
885 86
297 469
541 874
999 242
378 520
72 979
515 83
845 712
644 629
707 763
211 488
162 700
550 587
366 580
439 136
975 490
353 847
930 360
948 946
101 266
975 861
853 891
555 899
827 400
298 590
627 270
634 906
341 748
124 748
380 838
828 405
948 804
217 551
334 346
140 922
599 978
641 246
203 549
650 108
212 861
492 371
454 758
471 716
864 616
424 933
316 755
359 815
674 233
267 645
753 352
590 429
739 981
42 399
894 999
972 85
333 525
463 610
778 746
751 715
41 350
973 637
83 951
778 637
798 632
412 467
382 705
143 685
978 409
648 65
151 886
62 311
174 717
444 541
625 153
513 639
444 83
815 76
704 383
880 41
310 409
852 199
112 688
672 293
505 468
749 713
199 680
224 157
705 291
784 958
197 391
623 961
899 415
336 821
301 489
339 202
77 349
828 414
277 128
210 933
287 59
549 468
953 699
382 127
646 630
942 253
345 890
954 215
646 513
738 638
281 359
124 641
784 378
180 915
132 798
185 993
592 367
496 84
628 128
702 651
371 921
669 450
524 459
418 19
33 288
52 452
72 282
43 537
726 396
284 663
780 556
198 821
548 592
110 161
916 476
275 460
98 976
746 489
177 978
877 641
180 471
329 955
649 328
227 491
323 457
471 577
165 406
116 436
631 295
423 802
246 707
856 563
798 698
255 306
327 390
476 860
868 186
319 738
947 781
237 405
645 190
276 695
687 855
144 957
79 519
522 538
943 430
892 518
113 489
957 94
460 666
120 571
515 717
833 801
17 227
273 377
807 443
724 430
727 985
467 191
246 180
607 275
594 622
539 19
687 139
601 334
819 259
110 948
435 522
938 300
301 461
435 699
365 966
791 302
974 509
889 180
340 516
567 839
254 70
520 706
851 240
675 446
750 323
110 513
201 299
720 725
239 359
385 188
318 626
944 397
484 350
410 537
619 269
305 325
896 288
382 373
883 176
813 229
708 461
394 53
432 832
508 187
385 350
243 190
831 257
870 361
103 666
363 965
968 225
346 189
348 662
884 445
454 687
272 839
312 244
111 236
170 254
389 16
194 232
621 719
592 987
316 699
542 505
229 930
378 492
105 620
519 948
881 499
848 4
42 71
498 901
928 172
748 613
270 79
739 890
167 509
351 96
924 216
818 631
227 598
930 617
365 324
53 109
874 814
691 364
878 642
471 824
354 38
445 477
356 744
340 245
790 250
791 910
95 269
667 388
268 457
16 370
922 890
170 999
348 814
790 317
774 854
614 529
266 585
25 257
323 632
326 893
791 221
912 34
323 521
896 639
681 659
735 608
224 66
810 841
21 597
379 763
528 10
106 42
590 760
106 188
536 248
68 226
489 51
83 26
456 132
521 800
480 282
82 450
176 3
349 521
384 80
96 362
806 911
262 81
912 92
841 640
590 5
920 49
879 518
504 106
731 241
270 495
16 762
347 200
613 253
372 685
532 117
475 684
350 584
468 531
341 779
613 991
25 670
445 829
651 766
47 985
689 142
693 87
142 967
75 288
863 283
80 378
777 36
53 362
236 958
489 826
308 410
5 454
208 734
247 151
570 740
477 750
709 963
216 23
430 357
460 674
377 4
819 373
657 74
24 889
170 987
856 214
253 538
144 50
328 431
46 364
453 459
837 210
767 17
695 860
456 371
534 210
827 836
455 895
154 230
729 618
605 199
715 523
664 551
112 548
925 764
136 820
638 145
415 162
515 368
828 729
524 194
543 166
859 757
56 646
953 499
681 937
42 953
833 978
63 973
889 590
599 655
840 6
841 723
59 890
134 104
360 427
7 779
177 548
609 569
538 631
764 131
926 246
344 81
645 200
811 50
825 114
864 728
670 266
410 6
894 452
198 635
522 773
562 982
707 259
507 889
754 282
403 674
959 953
431 112
127 385
473 810
436 474
826 878
653 776
463 899
869 908
856 428
565 387
956 768
459 728
227 324
890 12
984 73
235 945
607 169
41 136
79 832
120 655
961 815
65 274
425 693
981 292
895 226
515 912
274 638
573 122
267 834
390 900
796 927
940 562
188 847
598 646
487 509
736 439
275 821
404 919
867 611
562 207
432 488
345 953
469 963
440 995
441 398
426 730
542 548
12 323
74 31
434 557
236 993
228 977
46 678
563 632
125 439
77 2
262 142
524 373
693 602
486 488
876 800
39 248
744 414
335 765
926 48
450 281
712 124
548 450
860 300
646 120
243 338
25 907
891 462
891 588
567 343
275 463
599 102
232 80
269 966
169 577
228 484
716 735
308 60
381 706
455 191
494 291
385 829
578 430
597 498
17 678
701 404
403 337
631 215
812 531
815 412
142 46
717 906
919 434
133 361
190 794
645 582
433 400
454 46
635 367
767 70
732 707
296 39
518 886
179 882
350 265
776 480
689 897
279 359
763 624
526 268
468 348
309 848
349 431
442 371
685 469
27 727
410 213
549 358
681 694
610 372
956 360
119 942
905 958
582 246
96 97
849 613
6 946
667 916
200 31
418 970
441 283
243 99
595 246
916 290
814 54
306 663
422 541
685 921
963 267
181 330
437 240
58 135
721 845
243 129
318 685
51 882
824 562
72 311
27 615
682 560
155 976
156 399
514 263
289 42
146 757
608 456
220 518
481 770
726 280
107 309
424 638
167 158
388 217
63 473
657 553
499 472
973 290
497 489
190 980
178 516
53 324
240 341
66 163
299 716
178 919
587 305
571 916
143 375
184 380
807 812
994 277
78 856
635 45
908 581
465 371
786 168
147 737
313 713
244 731
908 980
544 202
430 483
801 733
931 538
242 586
420 29
888 605
596 150
871 300
856 251
326 608
454 308
812 980
918 487
939 952
154 16
340 315
198 474
791 220
1 958
619 61
452 940
309 549
36 163
947 839
607 532
832 770
980 378
969 899
16 831
422 863
683 874
685 219
963 457
301 210
364 979
675 93
698 806
14 713
347 807
251 600
520 403
366 891
572 674
168 680
775 127
585 313
234 425
755 73
681 878
478 997
405 950
155 783
615 461
198 995
470 132
498 117
302 957
867 67
232 25
323 354
43 517
939 28
280 431
190 150
228 45
530 627
241 174
665 572
461 417
483 249
548 847
69 525
873 562
583 651
863 427
556 577
796 496
507 973
606 459
990 810
312 717
558 686
446 696
840 911
107 967
460 588
64 173
688 823
1000 617
213 772
711 5
402 469
900 340
744 622
752 73
843 354
28 358
120 739
762 158
123 1000
490 445
715 300
844 904
793 682
61 402
796 555
139 488
14 536
509 352
571 493
366 731
499 310
573 857
28 716
931 997
469 814
685 174
334 484
227 884
174 333
254 159
71 831
811 728
738 600
369 544
229 323
28 914
712 867
362 804
953 639
129 77
552 667
302 902
537 233
606 117
195 109
413 190
674 45
152 440
480 517
464 122
210 402
319 52
160 899
317 891
219 480
449 205
738 924
893 352
949 62
868 930
465 991
817 612
930 349
454 519
235 30
20 469
564 266
108 766
329 85
631 242
722 682
946 630
194 499
664 81
545 312
763 43
485 801
951 888
346 601
23 325
815 217
265 533
433 619
576 997
350 496
870 763
1 664
457 462
326 152
828 186
847 334
600 9
547 502
417 437
516 271
700 124
993 494
609 147
686 815
127 853
191 247
799 354
121 260
359 171
233 211
574 875
746 817
262 252
637 362
151 558
676 826
25 872
153 291
85 792
357 3
394 31
103 483
451 66
381 157
879 386
630 756
275 752
685 375
566 72
436 805
328 870
458 829
20 36
115 414
426 287
891 449
176 298
358 518
821 438
489 693
751 53
328 757
783 847
441 954
206 762
525 894
621 745
20 378
8 322
426 49
627 735
941 910
265 117
270 198
220 833
575 391
180 247
792 497
540 791
819 19
783 111
736 970
41 440
994 270
78 893
846 672
970 487
915 346
195 587
981 229
529 300
839 11
130 657
517 259
179 760
562 684
986 764
199 761
333 974
39 848
652 445
803 69
710 143
782 776
767 458
951 659
628 524
903 524
481 109
634 413
733 343
42 100
257 828
352 510
960 253
466 394
379 919
175 598
480 18
748 732
122 140
477 478
447 630
547 284
552 422
845 543
617 320
139 30
585 34
71 775
789 168
438 14
546 463
915 766
163 869
348 319
613 535
684 449
723 285
798 329
58 90
68 942
533 36
823 825
613 374
996 322
465 142
543 415
124 389
34 125
423 13
411 589
472 589
756 753
958 877
124 107
146 261
186 514
423 883
486 450
190 742
899 750
539 663
958 79
192 634
32 467
520 360
207 690
374 129
484 577
972 238
558 659
726 965
892 437
460 579
971 46
184 492
532 474
902 656
961 244
982 674
715 37
936 278
476 503
244 587
444 21
264 403
425 823
232 898
818 953
322 808
931 746
54 591
849 789
357 566
899 473
762 349
374 623
838 222
355 498
669 551
419 60
537 321
390 367
249 759
712 761
180 823
201 372
205 676
864 802
600 398
709 212
214 722
159 183
385 158
426 546
64 603
693 608
486 854
883 142
228 267
495 92
133 697
716 534
937 967
534 739
846 177
941 675
724 725
825 918
217 633
648 669
612 342
564 529
711 674
12 840
918 291
91 193
661 341
955 632
8 651
265 60
601 258
548 761
100 224
119 132
229 964
892 132
587 766
289 279
665 940
541 1
946 595
391 635
342 796
473 163
43 657
673 378
378 224
485 780
325 551
753 52
312 718
97 584
204 868
278 487
761 545
902 749
684 704
252 632
675 753
62 489
565 478
217 320
255 408
934 813
897 607
524 553
118 896
249 87
639 358
222 829
805 208
666 310
633 825
432 546
482 983
239 741
102 359
858 961
287 179
929 33
684 581
692 763
391 145
728 769
547 327
749 917
440 969
439 133
284 393
102 65
178 644
434 519
54 996
699 497
226 440
304 103
710 659
452 845
508 287
823 80
883 253
46 763
784 416
569 590
769 28
608 36
483 600
745 141
85 756
985 958
52 483
366 135
862 776
854 680
837 566
181 794
146 683
138 839
46 836
820 927
859 179
751 897
384 715
683 481
756 553
740 150
450 68
130 838
995 288
997 402
981 893
854 485
801 239
497 730
17 696
215 693
551 63
388 33
942 904
321 66
35 940
242 452
43 765
22 533
156 811
431 227
204 543
513 470
838 346
396 201
821 600
667 78
870 587
463 163
840 650
586 402
515 914
224 447
407 265
101 663
529 242
947 287
273 444
881 855
211 24
676 246
202 381
149 850
614 430
279 467
82 118
323 707
306 399
721 564
166 867
915 688
279 576
301 136
84 744
984 566
571 214
954 210
257 98
816 223
799 46
875 700
471 169
37 879
828 622
357 170
334 774
893 944
863 780
759 939
264 608
101 13
817 340
932 611
566 684
958 999
229 169
285 376
234 625
54 268
385 529
956 529
78 390
138 891
199 406
609 948
998 136
834 851
686 816
988 117
433 970
566 282
75 285
994 557
388 300
977 953
981 785
527 485
825 253
690 537
458 510
131 428
247 168
450 842
87 515
207 429
937 356
947 959
916 898
792 656
305 579
804 611
571 872
97 993
353 351
745 973
619 932
468 120
571 729
255 80
382 194
739 287
297 368
5 591
624 77
164 224
645 639
792 989
924 747
904 695
746 688
523 419
287 250
823 468
92 322
473 704
900 364
671 640
715 580
663 508
791 299
25 440
997 594
27 582
706 655
659 953
362 91
111 708
171 627
249 587
102 58
223 815
205 272
25 218
689 67
230 173
96 321
466 975
784 488
733 907
80 889
2 262
581 727
86 735
56 926
54 377
147 329
919 959
760 646
2 89
157 744
200 477
989 707
773 278
741 98
299 403
708 893
357 254
270 304
940 408
104 136
88 525
855 879
214 93
381 740
848 7
354 336
706 253
644 315
717 987
847 860
919 611
868 345
173 893
100 803
13 980
434 363
38 105
460 475
83 624
246 460
574 158
903 828
5 641
485 969
408 848
62 605
144 186
435 333
164 181
735 830
520 165
773 541
117 115
83 319
532 936
401 805
592 749
814 186
248 365
727 879
525 398
283 559
88 389
839 562
906 567
876 565
148 342
233 411
200 61
898 290
557 31
723 331
105 96
784 325
215 255
362 849
146 930
115 948
275 698
521 694
279 878
565 677
916 177
976 876
209 83
172 865
120 466
104 951
727 241
162 203
897 260
918 754
389 480
329 999
436 909
328 526
47 629
623 805
433 897
158 438
877 838
203 795
276 933
170 96
208 947
611 581
464 333
906 316
66 49
432 683
566 450
398 112
274 27
42 38
705 878
872 835
725 355
851 920
269 478
263 894
503 149
450 771
70 600
930 537
894 862
611 324
905 205
47 824
503 145
78 954
687 776
156 960
218 569
790 515
477 796
761 401
394 940
607 182
458 123
460 733
122 460
914 155
274 389
308 985
700 491
370 962
740 996
74 700
819 463
316 948
988 430
456 743
588 560
261 898
598 633
838 168
469 699
842 167
845 708
974 920
347 73
42 538
583 790
936 847
171 554
353 835
232 556
249 658
638 148
73 348
870 123
888 781
836 191
822 510
76 756
936 621
885 406
10 198
58 85
333 116
195 111
68 999
822 24
716 210
699 847
242 942
884 321
524 434
457 619
418 325
882 158
498 151
405 569
941 535
270 377
660 961
642 724
95 748
845 887
996 121
9 241
246 541
855 166
442 724
821 990
854 506
554 494
496 154
518 333
702 190
118 289
872 197
69 739
551 399
925 597
21 232
950 811
593 558
390 881
100 586
191 669
420 881
633 762
351 859
834 419
195 764
511 1
957 423
135 559
778 810
88 176
217 460
138 25
957 280
684 74
891 540
734 416
862 399
455 975
637 917
908 83
804 12
438 774
165 630
645 828
545 610
903 685
589 739
555 799
721 555
211 377
834 458
3 517
386 391
996 586
580 265
484 422
909 601
314 818
295 382
334 224
115 730
841 716
551 521
609 376
646 807
650 298
890 951
281 389
154 701
133 769
850 789
355 689
191 31
727 185
177 581
108 943
343 176
642 521
55 636
423 248
890 649
577 404
768 223
792 213
318 97
925 7
29 242
87 316
440 239
625 300
5 593
816 634
393 287
911 69
5 394
673 432
30 599
757 618
259 371
777 498
230 986
645 203
937 726
305 578
674 717
87 864
400 346
658 904
455 764
481 385
282 850
134 979
249 157
235 926
970 199
255 83
743 510
586 439
434 904
328 411
421 670
424 142
779 516
411 408
770 193
936 233
79 111
442 382
227 976
231 904
783 785
679 992
205 557
187 46
339 221
344 707
467 359
45 85
138 329
931 801
480 890
328 87
755 848
187 506
780 799
339 441
959 312
912 974
76 572
737 350
857 579
746 132
517 749
168 862
632 227
816 986
530 872
509 731
826 143
295 100
993 662
605 938
450 235
679 910
472 591
949 195
256 336
699 996
313 161
850 648
712 377
203 894
699 597
670 310
857 461
470 456
274 223
133 168
796 376
190 987
308 386
626 389
844 76
921 985
773 88
833 229
173 892
726 104
855 588
596 588
852 950
815 290
514 715
933 147
296 232
334 928
705 92
204 183
705 205
562 334
69 366
835 577
934 918
390 944
691 191
164 5
115 593
813 752
948 645
36 95
620 781
469 791
510 125
174 600
357 152
266 855
361 467
953 759
242 598
349 338
274 505
427 744
448 653
519 337
885 433
614 81
655 689
94 59
429 342
237 610
208 360
614 32
980 714
470 808
428 216
367 144
205 21
722 129
870 265
153 675
603 398
565 864
646 126
314 511
209 227
301 659
820 901
989 806
630 788
169 3
243 444
264 791
798 980
927 752
504 325
575 2
963 804
251 118
511 552
720 31
686 984
449 47
455 294
340 838
252 523
571 949
843 936
442 771
577 196
260 144
647 804
780 916
891 932
341 331
473 761
623 613
735 127
98 80
463 856
541 417
912 510
571 659
532 651
58 962
493 529
576 779
518 930
840 656
657 78
291 856
454 388
148 823
919 74
723 957
157 959
620 83
176 239
273 470
373 365
619 141
837 222
202 3
645 711
996 881
743 228
770 56
884 910
903 372
463 269
558 924
861 490
37 760
612 816
918 851
172 401
45 157
873 292
896 381
970 546
441 336
280 978
615 268
708 498
633 768
492 773
540 212
722 210
962 613
814 514
747 557
713 493
181 143
935 282
534 813
793 261
704 760
673 879
893 140
100 416
337 786
232 120
584 493
587 958
643 992
989 778
350 552
217 885
380 263
702 773
825 231
209 634
7 715
748 937
273 997
626 461
592 197
833 173
874 979
708 763
142 193
808 509
238 622
32 251
93 414
460 627
783 489
273 144
239 805
630 222
353 162
515 31
795 586
398 568
828 181
836 728
247 699
508 696
164 93
628 602
357 583
338 216
301 484
140 38
303 618
254 476
311 15
69 83
391 247
943 954
158 646
253 918
629 161
580 507
489 126
954 208
485 515
29 540
267 139
197 966
6 244
746 161
755 917
993 536
688 106
123 807
711 838
100 94
217 896
110 315
57 429
789 996
393 231
600 789
592 869
534 189
647 283
650 13
946 932
673 228
80 376
90 449
532 152
40 694
826 445
208 892
674 889
14 206
245 134
143 494
237 511
661 621
477 560
709 869
981 896
805 338
330 818
347 752
350 177
246 486
913 241
938 836
596 408
282 800
261 765
731 903
148 905
204 573
100 766
818 769
288 480
752 431
572 368
421 268
245 72
762 98
139 599
981 452
912 341
415 290
570 528
770 815
224 349
776 484
135 51
549 145
554 569
205 603
723 226
925 279
389 346
456 107
970 904
701 679
689 871
727 683
585 86
125 373
842 335
974 832
633 322
619 299
567 243
59 984
850 69
7 24
945 991
659 665
736 36
935 764
573 719
138 424
950 27
642 968
94 937
409 603
181 199
953 150
149 409
902 41
617 1
545 364
188 258
410 951
310 900
198 677
308 109
441 138
336 158
523 386
651 713
526 999
808 776
350 883
316 551
8 496
877 571
587 676
803 867
376 758
792 464
521 54
995 203
799 987
62 236
692 41
450 684
491 344
948 322
173 541
106 704
394 221
398 982
541 638
156 668
287 442
74 53
611 230
518 854
562 640
745 824
796 940
529 47
639 220
785 197
749 652
571 596
554 906
120 826
116 590
948 646
187 660
732 360
831 799
596 112
71 324
926 18
50 876
253 851
360 485
274 868
563 662
590 765
115 799
230 252
328 643
129 101
223 781
251 604
180 592
271 699
419 492
239 247
578 959
997 935
870 447
854 528
53 799
971 724
720 468
113 701
920 933
902 766
155 944
519 252
618 334
747 878
403 62
902 164
906 171
485 454
587 610
514 397
133 122
598 501
268 983
877 981
989 967
834 8
20 168
599 264
782 280
644 691
217 58
18 61
844 113
170 384
317 495
670 461
29 475
726 595
130 562
653 678
360 701
605 749
878 675
415 472
991 384
924 479
504 936
397 121
329 259
421 371
740 535
689 739
939 725
875 248
166 521
39 789
885 50
122 317
220 347
988 424
951 724
936 19
240 640
993 454
336 847
236 724
315 47
541 789
818 186
323 744
491 942
336 621
614 272
429 492
343 362
839 673
788 725
949 443
976 669
903 132
840 188
824 801
897 43
326 655
771 558
920 372
390 104
428 187
820 725
361 232
984 96
955 330
439 981
409 610
817 301
836 95
460 216
893 26
987 221
695 260
863 934
37 938
150 667
930 119
34 928
327 741
664 23
78 425
726 469
727 4
584 494
843 523
937 706
497 75
260 409
1000 126
123 241
218 167
65 824
356 361
70 555
108 762
482 451
32 30
14 98
63 375
511 860
458 296
166 105
230 828
526 249
359 664
711 199
877 219
65 459
111 475
60 185
151 82
407 335
230 147
306 217
325 203
397 238
667 941
679 664
294 905
576 135
101 741
230 779
280 738
120 993
373 497
339 321
489 236
692 20
202 715
314 897
659 859
840 329
894 28
932 313
845 968
811 568
813 106
157 454
943 667
267 138
249 547
15 984
367 501
119 660
269 352
646 695
992 354
168 868
43 368
560 166
890 949
817 329
964 136
877 601
324 367
508 28
938 495
185 779
561 844
177 635
733 582
877 487
449 347
51 571
603 102
108 568
825 32
241 153
494 181
996 31
191 255
468 592
929 962
432 742
789 566
388 113
707 341
467 664
50 273
768 511
644 322
61 816
389 873
781 599
660 692
865 686
592 162
646 387
762 798
924 97
356 611
322 399
913 240
929 425
445 435
925 585
527 821
894 257
161 996
18 807
700 335
131 220
683 539
244 627
351 953
401 774
320 3
909 469
16 268
865 808
383 104
755 706
995 874
743 504
179 889
520 795
760 384
904 698
925 796
72 898
399 985
588 634
221 127
168 373
867 565
300 882
743 222
33 809
552 27
628 302
828 440
832 827
7 373
154 219
641 731
42 856
284 781
157 569
290 154
367 408
719 951
6 838
680 796
301 890
690 909
840 244
34 151
567 99
825 640
388 642
798 333
62 523
340 855
932 563
609 666
862 820
116 958
779 160
115 382
321 451
773 671
216 679
878 217
699 998
795 743
134 343
782 483
588 278
402 919
540 593
481 34
678 739
644 407
96 895
195 632
184 146
826 840
65 240
288 176
643 614
829 367
479 458
852 944
377 272
340 140
786 98
571 792
50 194
540 21
317 172
728 237
27 772
92 620
109 970
113 399
151 37
416 562
18 612
663 206
995 646
563 74
587 626
282 436
349 29
481 141
827 463
91 867
698 606
628 659
776 528
527 717
110 709
754 965
244 11
623 191
304 224
988 154
711 502
884 987
956 504
188 594
392 771
692 676
998 103
716 812
2 746
556 325
522 501
153 366
251 607
402 567
811 913
392 609
779 127
11 201
529 660
309 484
57 379
241 502
756 307
684 48
273 859
449 384
533 437
863 978
545 271
341 932
896 599
762 383
682 928
720 243
322 51
498 744
240 392
989 853
395 227
868 26
652 991
389 143
69 891
40 655
472 250
517 20
812 976
304 915
891 969
412 454
217 170
36 554
421 16
630 470
890 131
587 417
53 581
239 914
334 468
904 901
524 598
373 984
875 362
213 783
383 83
97 814
246 201
142 436
398 546
681 70
117 84
979 297
853 704
819 464
657 477
876 231
749 623
842 83
438 910
313 546
405 319
903 592
317 515
376 449
853 689
231 125
602 883
481 640
439 16
765 961
124 918
839 531
664 557
516 566
192 450
675 495
241 807
441 485
849 416
555 757
689 63
599 532
824 802
935 566
367 464
298 585
248 565
724 535
727 432
394 100
146 130
671 882
883 110
793 154
430 602
358 652
474 441
863 929
77 108
281 607
689 362
759 808
656 637
170 72
474 40
833 615
218 53
113 809
152 347
426 70
542 424
124 175
20 466
167 349
540 665
423 823
446 492
948 118
972 76
829 693
591 778
973 645
652 850
176 240
873 529
674 962
948 229
198 396
365 387
112 51
368 423
756 890
703 349
247 881
549 679
625 1
991 86
264 369
853 17
839 34
861 614
285 689
572 511
212 510
203 355
24 812
97 842
369 557
282 236
152 121
404 703
352 376
728 963
321 563
89 527
788 805
519 983
117 217
733 970
451 829
440 890
383 314
184 996
774 675
576 422
523 113
483 956
380 556
487 328
827 215
349 359
297 724
279 604
618 176
410 413
144 321
182 137
592 711
634 11
245 551
447 319
876 655
272 549
890 113
609 268
612 933
115 71
176 193
251 519
868 670
707 792
713 399
492 762
427 97
981 586
787 257
389 387
546 104
30 297
471 745
937 573
741 219
798 786
536 221
613 785
63 304
13 603
808 701
554 449
481 587
544 343
761 961
734 718
551 428
506 643
422 224
763 202
711 170
217 226
386 657
23 356
925 584
17 75
308 638
903 869
649 926
908 957
329 218
991 360
526 359
175 383
605 502
92 687
734 10
858 98
359 67
876 303
70 242
625 617
273 412
339 239
236 541
20 530
535 205
663 504
838 147
743 46
46 490
865 252
125 371
804 178
922 798
280 878
813 60
120 109
685 297
822 266
146 811
665 125
500 888
728 539
270 760
966 629
237 635
733 790
258 447
419 498
59 843
229 23
574 209
569 650
896 214
511 514
765 22
52 423
997 99
927 904
204 441
216 599
342 43
604 954
293 540
988 537
649 365
996 60
778 331
873 621
901 15
596 873
86 159
269 469
307 862
806 132
668 189
84 436
122 867
86 270
88 664
735 247
334 820
152 800
135 244
494 658
430 378
344 247
52 680
260 989
743 398
635 257
391 599
757 690
911 542
511 218
349 235
740 972
321 586
585 901
988 454
715 262
329 71
884 663
268 38
948 640
510 17
795 287
358 165
340 688
309 559
295 588
515 690
279 535
83 142
784 155
432 5
381 126
333 940
138 507
600 514
621 872
470 956
146 926
608 29
495 91
336 304
651 43
860 355
702 586
285 410
381 305
141 719
702 469
258 850
924 631
212 833
557 108
769 326
789 651
904 507
40 852
467 885
384 659
192 556
545 104
964 630
233 516
261 410
401 304
812 798
800 922
657 519
344 262
53 418
551 487
900 173
204 786
596 764
355 134
943 265
981 70
303 174
89 118
718 923
863 38
847 941
136 385
782 56
234 444
967 4
917 799
402 444
64 163
852 836
71 352
787 979
297 291
62 637
744 596
373 902
106 949
288 554
696 407
715 341
754 693
629 263
921 502
630 96
79 794
226 378
781 159
162 540
840 738
197 427
515 970
500 252
871 479
283 670
490 54
608 765
883 565
496 619
188 785
258 953
533 931
36 205
220 98
457 784
408 364
245 721
671 981
818 267
324 192
839 675
525 656
706 474
641 435
382 293
129 71
681 914
632 64
216 979
413 775
492 768
869 142
391 848
107 911
312 341
935 506
11 325
289 123
285 239
831 165
919 848
595 752
542 425
750 76
532 135
646 76
246 767
200 450
13 566
478 466
548 873
330 650
421 209
332 492
647 615
155 301
617 394
545 229
141 199
877 72
258 72
290 984
973 629
328 466
100 999
820 472
108 410
592 343
813 881
378 112
985 136
93 411
679 436
62 398
819 17
736 753
329 317
558 942
1000 986
840 655
469 633
364 353
406 624
580 689
302 91
822 914
344 973
15 296
150 31
627 330
899 276
906 632
961 755
211 396
201 166
755 715
96 92
775 782
175 670
162 331
149 829
275 536
67 633
666 203
542 958
409 802
581 988
193 907
384 96
418 131
661 69
557 244
724 667
873 39
711 835
106 45
803 268
16 682
898 520
333 485
775 210
910 591
790 5
509 676
419 644
99 696
389 36
797 423
392 892
437 296
20 718
137 36
375 76
530 437
859 259
562 156
310 729
313 363
132 233
522 849
834 991
817 823
322 235
951 471
238 815
809 668
5 502
332 359
856 764
544 455
895 984
52 806
75 207
133 483
227 280
504 627
890 465
273 224
717 741
924 257
729 239
426 683
17 219
291 900
314 623
41 237
57 941
767 496
59 273
690 85
545 702
895 28
715 746
610 412
76 642
690 36
801 901
594 904
914 26
282 274
675 473
913 604
823 241
991 815
792 328
651 288
980 476
983 911
770 366
208 497
81 773
7 21
279 720
603 664
340 994
966 618
660 321
547 75
457 522
557 958
918 905
152 216
150 615
667 651
659 523
966 901
751 369
272 657
592 550
439 543
133 720
559 894
124 387
397 859
931 511
519 156
6 497
321 449
266 322
485 350
68 842
15 333
860 446
845 46
705 635
578 747
462 582
267 628
731 395
458 573
846 1000
668 408
372 887
69 901
820 195
130 973
381 767
332 421
320 421
85 235
901 159
483 251
1 911
751 523
740 280
298 503
411 60
89 394
843 17
184 498
807 698
991 425
152 848
905 438
924 502
470 786
701 4
478 135
388 430
331 419
634 72
598 487
835 979
361 548
966 123
453 92
571 617
44 559
27 795
12 77
430 196
396 492
804 497
974 897
978 316
245 331
323 753
782 520
453 382
571 311
232 131
909 955
604 309
128 912
510 240
719 996
577 971
980 496
305 264
884 516
508 497
860 94
110 549
902 351
686 326
817 181
812 451
58 51
719 826
297 973
483 546
12 608
750 740
920 57
869 250
780 541
485 225
894 647
401 644
517 606
739 706
958 928
688 132
376 688
772 556
275 12
214 3
505 404
238 133
4 837
9 41
66 10
108 657
168 255
132 161
830 88
99 430
752 388
199 123
327 70
663 418
588 105
200 954
937 167
744 695
298 933
110 120
150 962
801 797
981 167
909 394
178 148
607 189
610 243
938 682
299 860
14 705
382 799
168 17
97 157
493 107
5 898
62 717
752 680
658 987
774 810
278 37
117 195
230 475
176 667
196 726
641 615
435 586
366 738
662 927
49 508
423 685
456 458
221 214
131 722
978 435
361 435
622 101
408 482
404 217
900 806
244 408
172 397
174 455
766 61
167 650
51 917
661 32
336 285
17 886
536 438
955 811
190 347
837 560
363 901
759 739
122 740
765 334
531 746
518 360
939 113
81 265
688 319
318 78
599 203
268 871
790 996
113 952
735 301
294 215
955 779
886 541
189 483
82 885
122 966
583 727
655 250
569 125
82 814
659 31
591 788
226 872
341 9
569 238
454 792
520 294
648 251
761 598
708 743
762 499
934 97
312 752
544 43
782 21
33 607
348 601
865 609
293 200
313 778
870 754
88 6
255 442
39 933
903 656
447 788
657 46
456 697
759 77
922 954
113 467
580 690
374 655
491 865
148 582
221 24
701 814
336 814
525 363
918 17
425 433
249 704
893 759
384 323
793 937
614 307
578 814
35 42
71 792
442 40
353 723
944 410
484 419
34 142
440 713
183 275
828 612
116 822
68 960
219 84
20 35
350 750
594 376
116 980
816 898
284 744
794 345
756 740
370 107
766 144
542 123
506 667
973 165
155 746
820 232
837 822
640 414
642 260
237 106
299 331
687 971
963 736
771 580
677 562
305 72
740 406
407 289
999 651
804 907
587 269
368 808
739 214
869 583
514 736
531 194
36 620
74 315
518 588
317 133
869 936
473 959
790 460
238 761
41 67
165 989
966 141
884 526
22 789
773 547
301 290
763 411
636 651
123 568
987 783
767 966
966 431
454 339
644 679
701 818
297 532
874 262
124 873
395 131
418 736
236 543
516 633
75 667
371 256
957 537
638 326
286 315
73 398
811 775
441 434
318 1000
780 133
598 900
358 409
888 552
641 329
54 934
901 919
140 699
733 788
276 75
188 687
172 228
570 57
926 389
759 544
626 619
682 681
241 463
719 726
831 264
335 729
674 469
806 766
458 856
534 585
924 621
427 79
673 811
859 64
169 532
363 730
35 398
955 706
668 409
255 937
130 776
627 762
313 390
976 450
316 547
392 19
449 70
674 921
70 630
949 273
971 249
645 8
282 622
602 439
855 587
527 160
255 655
22 612
574 49
799 852
601 245
676 352
82 549
98 679
218 559
130 733
826 814
829 477
174 786
710 448
245 135
264 410
429 960
306 13
762 262
331 418
364 426
554 630
729 484
970 966
220 233
990 285
800 722
278 905
176 847
323 752
378 621
658 795
541 958
214 890
470 720
605 107
879 636
36 314
385 102
853 877
343 307
662 333
698 643
315 338
499 241
357 243
485 14
626 572
807 465
14 991
205 447
372 400
763 291
505 817
324 275
100 314
851 610
284 673
604 890
725 810
440 479
315 929
355 716
854 758
492 595
453 979
857 886
60 783
8 690
302 820
29 4
69 983
860 562
424 578
532 376
212 545
302 870
713 816
181 874
423 994
661 560
223 227
815 495
63 330
565 148
434 438
750 144
436 344
829 287
339 527
88 781
51 131
658 489
94 231
408 916
498 640
136 387
438 106
691 339
752 355
566 630
787 868
535 706
682 370
114 624
680 879
682 261
922 820
652 866
190 564
382 796
516 140
24 834
410 115
912 145
398 720
883 646
495 596
831 942
499 657
706 929
947 441
434 732
842 161
993 831
408 702
908 52
413 626
897 781
590 690
499 431
248 109
410 388
214 646
197 860
866 362
733 186
475 342
404 218
291 657
228 550
428 32
927 14
513 334
422 962
940 907
286 244
617 786
485 34
470 990
495 121
606 407
544 787
337 107
214 467
397 785
569 704
73 561
256 255
510 606
42 704
152 384
985 560
186 739
404 103
78 429
206 742
526 641
690 787
216 610
656 911
219 96
829 976
65 899
375 106
312 670
47 362
4 826
74 370
151 191
536 883
222 378
138 563
748 934
166 290
829 291
812 951
71 169
1000 687
947 936
329 449
271 482
791 747
896 120
90 873
87 858
942 732
908 916
526 31
196 902
452 552
514 575
340 421
718 694
176 553
28 522
250 406
340 62
862 369
538 331
80 953
390 524
887 966
288 790
615 477
537 657
538 250
900 997
873 682
193 879
837 78
89 814
556 490
849 624
150 383
44 278
194 679
525 289
837 479
984 573
309 662
71 795
129 48
367 384
33 732
299 25
745 193
323 119
395 290
570 412
717 283
440 697
182 699
837 642
824 543
879 507
901 741
669 329
281 568
356 68
419 646
350 638
595 545
172 950
251 983
214 217
677 735
218 20
494 185
99 267
191 251
910 367
802 332
878 35
990 569
432 873
299 330
294 618
660 705
934 416
592 23
60 533
890 484
602 464
476 709
454 765
522 689
744 865
66 789
624 791
967 57
359 80
190 658
526 72
657 239
728 790
507 747
596 32
813 629
746 552
395 932
568 540
956 3
261 947
278 115
737 904
563 995
533 519
509 564
535 89
149 782
975 150
852 451
709 454
656 222
620 807
912 104
514 212
478 94
121 296
215 498
89 778
589 641
809 531
25 50
979 98
821 86
822 265
200 8
383 569
358 361
840 248
91 36
315 678
694 102
402 606
928 762
855 401
312 271
434 472
890 619
413 495
164 907
369 499
812 315
281 645
321 368
543 677
123 204
584 298
837 920
142 838
769 744
387 537
954 676
459 206
265 409
877 927
553 974
167 358
166 889
941 891
639 822
969 798
968 679
256 739
721 401
575 458
467 553
963 620
271 437
520 511
204 888
189 12
149 13
265 708
904 237
182 895
143 751
700 760
973 652
478 250
890 218
249 210
781 345
583 77
30 855
288 402
353 380
120 609
249 67
66 539
291 930
990 224
421 299
334 580
852 584
504 879
361 554
503 867
822 937
74 129
349 690
616 708
837 228
583 256
80 511
804 499
272 164
867 597
335 259
465 661
410 318
782 526
487 316
550 602
348 70
313 577
421 926
371 287
465 294
62 896
340 546
824 923
996 632
757 351
855 610
963 432
181 403
642 135
55 510
722 89
447 288
500 863
387 173
627 236
475 107
349 590
210 276
780 904
267 807
955 222
555 392
829 387
99 532
130 453
949 176
660 69
510 690
367 783
647 457
670 122
485 368
920 985
150 978
246 615
446 101
54 39
630 665
42 414
578 380
191 307
873 936
927 655
769 613
476 879
783 76
938 999
846 740
9 777
195 978
329 548
869 926
156 991
801 406
967 1
382 547
917 796
882 539
790 459
818 883
231 266
824 605
52 655
856 49
624 61
369 438
466 296
636 716
254 347
457 59
754 771
841 157
988 340
257 892
519 636
250 597
549 944
699 408
294 752
36 837
504 472
177 406
729 737
215 442
164 146
854 855
837 395
713 181
573 641
928 836
666 414
807 500
367 77
688 68
11 233
712 74
971 759
972 644
792 34
42 705
160 924
307 735
953 209
147 134
756 642
996 145
389 461
302 998
531 748
132 353
423 162
206 534
800 731
503 80
473 485
647 723
706 515
531 970
569 131
569 376
347 637
811 458
388 41
246 365
411 984
854 108
877 69
130 608
83 576
579 967
49 880
782 104
658 458
571 983
570 654
661 821
277 864
928 436
710 510
88 921
839 30
478 426
4 383
351 832
103 838
139 720
691 479
583 21
749 301
930 905
580 813
598 434
726 743
974 733
477 27
758 180
852 408
254 375
239 513
442 357
496 544
784 56
93 92
921 241
980 340
413 597
115 813
903 342
262 346
306 534
839 640
272 394
439 790
153 441
82 497
375 660
410 520
512 752
90 996
117 412
370 308
817 243
836 41
569 626
306 888
401 800
475 83
90 408
96 300
977 501
25 992
120 418
85 656
508 25
192 419
972 680
839 548
99 556
523 190
372 632
673 781
211 954
802 107
747 211
759 705
750 854
232 90
512 60
968 942
494 190
302 743
618 530
178 647
983 270
146 470
380 289
916 709
375 510
580 404
514 988
192 509
627 657
520 373
908 483
260 82
627 574
138 679
948 372
342 975
841 960
298 417
83 717
544 73
819 193
341 269
515 728
625 874
571 721
572 270
554 769
719 995
234 987
942 360
984 478
398 542
899 87
652 261
705 190
628 644
166 677
465 680
962 943
914 667
609 209
37 600
538 223
256 654
943 612
914 810
666 187
794 500
254 220
884 115
889 931
375 632
155 432
292 584
242 783
798 182
361 171
324 313
256 9
802 803
332 796
404 497
264 516
392 473
176 368
802 28
877 568
586 986
555 316
873 145
637 216
829 934
649 256
333 279
959 39
997 889
587 636
823 596
259 553
982 255
260 389
925 405
967 254
627 621
759 120
374 158
321 2
985 43
161 697
131 257
388 368
961 82
816 96
326 428
916 942
442 729
792 756
297 186
208 523
752 200
951 552
203 643
425 798
303 869
731 790
491 13
408 711
245 54
286 744
734 440
855 508
26 45
429 224
430 203
785 328
110 863
577 493
975 117
938 677
390 725
860 342
50 870
583 400
487 319
179 630
291 16
666 108
427 592
905 960
84 697
567 188
932 495
1 155
131 520
111 849
707 151
958 762
747 425
328 969
871 284
720 571
976 981
595 781
906 992
124 307
660 215
328 856
347 84
295 140
982 607
815 949
865 296
730 671
877 540
90 254
726 428
388 897
764 882
712 269
506 579
151 674
643 794
427 331
397 687
859 332
588 134
716 467
593 280
870 988
686 995
160 61
490 860
350 592
90 111
899 578
611 332
705 791
943 864
598 90
502 47
75 59
256 895
80 782
667 351
78 898
778 988
250 47
397 998
160 283
491 459
697 740
772 242
39 557
799 731
127 973
455 701
776 324
198 97
718 856
477 54
187 424
888 754
858 104
999 230
675 692
841 144
515 95
112 448
944 659
619 19
340 720
900 914
559 767
159 13
515 381
664 929
457 997
797 923
563 617
675 99
268 818
646 672
673 518
43 679
972 855
57 297
177 704
315 606
63 212
599 998
825 925
683 331
910 742
90 69
769 678
823 623
459 312
155 515
267 689
750 80
437 321
26 796
193 835
644 340
247 223
56 410
402 250
60 482
77 572
192 810
697 485
674 590
469 178
751 670
517 388
353 473
5 688
208 580
62 291
688 894
680 267
991 612
914 240
437 773
889 360
230 528
623 759
630 209
408 656
5 594
139 544
32 976
330 221
519 957
757 210
169 345
279 260
282 24
945 488
374 642
175 471
235 200
952 656
292 145
336 179
598 669
824 886
583 459
343 550
487 758
992 828
735 540
439 115
150 130
580 595
317 659
432 483
694 463
931 907
186 222
906 759
447 725
28 857
395 70
345 823
567 228
913 517
438 56
386 415
868 372
963 395
466 849
310 230
96 190
111 786
685 938
7 66
409 727
949 935
475 82
829 396
523 32
372 458
745 80
632 56
216 802
696 620
345 578
845 181
869 63
603 463
398 359
12 777
860 581
973 162
223 263
247 413
85 354
639 911
592 122
95 857
805 819
224 773
541 47
872 154
673 479
160 246
369 128
65 143
249 474
851 480
213 127
312 800
852 922
765 915
786 120
754 388
68 926
994 503
759 181
17 78
273 228
113 485
576 987
648 504
652 544
49 637
141 37
326 99
771 498
700 308
611 243
689 685
540 301
108 824
305 804
827 955
847 308
960 88
522 295
586 14
680 71
933 315
352 392
558 168
837 159
892 990
89 927
993 113
922 191
210 125
28 782
128 21
490 157
431 538
281 222
129 844
881 833
393 645
460 445
712 933
340 85
794 598
183 368
730 15
404 3
578 850
408 70
615 333
200 232
295 235
393 983
135 258
215 48
950 397
4 591
42 646
64 98
341 906
128 355
302 950
575 129
150 820
639 978
91 876
213 305
472 885
843 678
609 856
459 81
243 710
83 797
605 992
489 842
933 953
942 969
808 557
75 30
847 980
4 18
833 110
677 309
74 346
813 949
668 88
193 376
910 133
625 349
568 636
990 87
762 30
355 476
322 655
23 101
395 962
162 971
225 41
178 417
16 12
344 905
932 10
40 386
850 367
478 564
466 100
801 933
1 361
275 886
183 1
606 707
185 613
964 568
166 928
499 69
281 186
488 369
139 52
656 474
784 303
198 716
42 712
185 982
93 677
191 263
478 993
654 996
863 826
594 29
315 708
815 967
745 159
195 122
642 935
972 610
898 605
292 764
115 435
695 430
552 968
259 870
884 485
613 225
371 714
373 448
254 693
191 329
189 618
432 725
806 507
929 908
33 183
17 714
441 730
632 707
453 312
933 861
327 66
240 364
919 414
868 358
173 856
943 276
247 875
907 802
322 350
549 653
17 500
844 511
45 303
596 710
734 282
420 838
119 833
396 223
829 111
334 567
995 859
42 196
999 771
325 208
570 520
734 52
538 451
353 15
10 824
102 386
217 646
222 287
595 383
903 590
118 696
266 529
782 633
862 299
990 508
576 80
872 648
889 143
482 719
183 240
486 15
343 754
490 66
862 698
870 225
603 550
430 966
750 827
879 669
220 494
496 846
978 62
63 608
525 651
504 329
348 330
149 107
522 403
671 246
74 286
713 260
635 727
618 395
146 526
842 755
203 579
42 719
860 20
266 439
30 420
487 887
146 673
204 367
595 518
428 615
30 311
512 82
911 330
406 774
703 20
194 36
855 185
967 931
471 688
973 270
613 999
227 180
100 142
419 640
524 793
877 946
702 167
830 120
388 43
581 862
393 379
271 382
446 752
475 190
1 971
181 621
577 184
61 7
211 527
910 210
805 408
74 402
771 264
921 699
300 720
482 175
579 743
302 130
414 144
264 473
735 1000
719 503
761 293
300 615
407 989
728 90
31 977
658 893
435 396
511 153
918 459
973 948
443 937
740 897
979 203
905 684
487 143
602 942
453 16
135 275
75 610
538 342
908 68
208 263
107 405
663 466
816 491
687 472
841 484
562 320
589 666
606 776
419 254
314 904
477 428
478 671
121 386
603 514
569 918
306 532
241 709
872 545
779 479
712 906
822 467
54 73
836 705
475 36
812 157
872 688
964 96
654 988
631 400
86 797
663 918
885 738
501 989
209 746
102 724
416 421
15 711
568 758
423 98
261 323
264 761
427 103
90 183
218 96
474 22
38 959
357 379
402 938
385 664
308 244
495 347
393 181
251 89
678 766
789 575
276 614
557 691
449 126
514 986
15 187
643 738
264 53
229 659
913 344
808 562
420 952
299 621
476 229
433 563
195 940
934 129
667 262
282 808
506 202
658 191
934 784
939 682
745 955
311 131
620 493
643 190
535 372
923 222
229 881
783 634
774 871
378 738
183 911
670 228
179 540
400 799
221 233
331 873
872 895
102 180
361 510
896 543
733 526
607 693
996 640
745 384
907 177
345 786
452 82
881 832
36 401
152 174
922 350
873 484
755 508
729 840
96 347
812 129
44 27
137 655
489 380
536 323
120 448
546 164
470 884
396 879
769 451
144 486
906 44
746 431
68 695
491 945
879 137
312 129
754 99
705 638
942 841
76 123
552 779
421 837
186 521
461 433
392 136
618 628
267 760
221 837
565 174
639 819
665 239
591 968
796 480
363 397
914 23
735 253
667 373
861 567
148 966
792 136
105 923
582 292
607 68
147 602
4 305
244 606
10 946
796 821
528 699
749 119
839 881
496 359
758 67
666 230
637 882
837 436
522 764
477 65
957 343
886 295
407 890
682 488
747 111
408 271
810 683
250 73
740 808
706 968
178 305
144 481
533 905
400 891
664 728
689 187
706 891
746 956
874 137
968 334
641 312
314 64
205 906
599 521
727 564
414 511
534 412
495 240
632 42
409 797
484 359
565 570
900 49
328 971
203 713
37 813
225 581
923 159
617 971
633 620
949 780
129 799
427 30
160 627
413 95
696 549
627 15
919 981
719 551
744 337
446 153
153 695
892 866
659 264
623 59
8 694
178 762
820 829
358 852
911 230
234 718
678 695
497 48
703 64
959 170
835 344
854 468
285 807
158 463
159 786
293 364
755 401
960 551
907 980
714 330
795 919
695 253
49 841
29 467
951 872
645 249
539 362
351 216
977 665
781 489
947 961
929 606
235 819
970 290
293 223
23 426
363 648
491 90
990 48
973 830
246 775
778 828
925 955
682 319
567 734
624 48
255 18
222 873
11 576
433 182
218 976
438 897
115 564
477 165
560 743
173 440
732 957
275 804
448 964
488 529
18 842
450 373
954 338
12 894
337 316
417 484
418 919
591 429
648 422
334 99
492 728
588 414
410 674
533 240
354 891
445 656
907 423
565 655
233 942
280 249
228 151
85 618
450 185
147 139
519 227
428 608
376 721
867 365
808 938
518 25
959 121
561 570
601 629
378 454
530 587
129 694
137 131
375 23
378 297
147 982
351 30
541 250
526 854
783 173
437 609
666 861
117 765
799 479
543 813
342 934
554 246
558 726
761 458
943 408
622 729
679 434
301 421
218 658
386 934
123 935
581 497
767 474
549 19
839 933
149 645
83 385
466 267
193 577
971 411
309 847
145 742
88 472
625 727
258 398
757 44
922 89
232 739
304 208
729 593
822 694
607 592
150 371
888 494
392 883
358 866
374 989
106 87
552 325
901 958
296 515
218 998
908 98
712 907
146 434
571 80
241 597
370 307
30 231
486 485
824 692
626 576
113 531
778 237
542 834
673 40
30 118
123 81
716 593
988 750
700 810
777 979
980 890
730 853
656 592
821 442
346 90
328 737
609 592
470 486
831 241
137 477
891 330
158 357
717 202
898 804
815 589
119 208
858 32
397 612
454 607
436 254
420 731
310 723
338 956
469 114
198 592
867 728
493 908
905 162
564 97
657 961
566 563
273 952
83 169
844 433
946 579
885 350
208 546
431 136
752 175
457 261
460 648
979 392
946 195
26 165
961 419
709 672
991 742
978 707
646 436
545 688
654 466
343 599
269 292
343 708
699 340
130 169
407 567
968 339
92 123
275 973
183 172
390 270
695 49
440 635
459 954
812 243
979 802
820 742
798 181
525 547
486 385
785 830
290 116
440 345
884 284
833 774
393 869
216 768
108 886
863 998
208 164
781 943
746 428
125 101
454 665
937 753
259 925
918 999
557 500
691 958
68 711
108 532
180 441
878 80
540 681
669 75
281 826
216 461
233 529
881 493
493 991
699 732
651 593
798 640
749 174
532 308
844 70
811 279
407 320
12 328
160 387
951 775
329 524
420 989
776 77
939 491
482 114
113 310
443 645
703 483
597 108
247 935
123 765
216 9
256 948
773 753
248 410
322 653
434 979
400 207
883 768
792 917
278 160
210 682
282 47
140 129
876 251
461 635
597 831
710 118
218 699
866 784
813 375
88 400
586 179
70 352
733 32
573 407
413 538
344 681
23 555
301 197
859 743
915 697
129 124
374 270
410 591
267 202
646 842
519 472
388 622
337 2
135 467
177 729
350 692
370 202
797 327
466 512
307 711
879 63
773 494
371 716
302 974
928 393
410 912
216 651
643 910
534 985
846 863
523 328
424 165
212 959
232 19
398 460
459 238
575 52
134 442
341 142
17 712
489 923
218 379
169 789
290 367
121 907
783 72
161 745
604 699
588 16
950 939
485 362
517 28
648 197
665 809
649 108
958 486
173 854
155 503
709 804
130 110
274 475
22 517
978 839
363 194
781 114
877 383
255 319
771 302
654 448
39 558
795 180
834 338
672 441
710 289
472 399
715 509
37 217
293 175
559 68
571 418
748 3
322 60
624 49
182 633
681 78
494 915
244 802
10 806
980 94
602 968
988 417
371 417
853 697
175 429
68 387
879 953
864 333
884 865
131 843
426 857
888 356
945 163
548 24
59 173
366 599
148 398
865 116
962 806
466 217
512 633
510 278
404 231
6 887
614 152
745 351
266 192
741 747
951 361
893 928
842 622
94 991
148 83
976 948
368 307
123 802
747 551
580 77
618 280
432 917
108 958
824 503
146 671
774 37
816 875
449 374
46 642
252 125
694 844
308 191
570 854
733 746
493 133
648 564
540 610
831 45
172 606
603 130
199 311
327 258
717 182
984 608
99 355
924 880
568 218
554 469
41 318
77 680
632 737
186 800
887 488
209 641
289 529
375 308
514 790
847 910
70 510
687 817
212 407
734 500
209 931
874 763
781 157
801 551
641 778
571 713
308 529
865 468
952 222
377 50
433 320
362 294
860 831
914 401
678 382
902 372
166 546
39 816
836 706
106 803
71 611
74 197
629 405
154 93
374 560
352 94
499 481
68 266
508 498
28 73
715 946
362 781
92 182
20 971
242 743
867 848
944 111
525 574
345 726
567 391
418 154
793 382
423 399
105 813
661 811
910 935
694 14
141 902
772 972
185 238
650 416
301 576
988 670
427 246
656 992
363 756
345 353
881 375
811 12
423 834
491 475
263 661
782 447
285 893
233 564
330 582
668 290
483 60
516 770
341 70
513 523
588 201
679 226
829 721
646 489
62 224
88 859
730 517
933 787
471 948
627 514
791 661
403 716
152 972
643 386
507 638
739 45
631 971
208 547
616 416
340 224
911 669
36 761
936 294
758 458
834 410
768 975
901 578
210 711
249 27
642 376
532 964
19 747
280 553
353 53
995 738
279 293
410 180
283 686
1000 844
32 5
93 11
541 803
361 339
328 356
36 189
365 951
922 186
707 672
780 44
89 781
609 70
106 72
803 98
825 542
981 71
646 732
928 785
432 224
513 137
508 347
254 851
715 815
537 3
77 202
168 698
543 509
505 799
842 803
823 797
151 398
902 404
171 410
214 284
345 419
147 341
146 918
169 653
918 738
388 937
405 533
545 378
564 514
188 63
604 771
697 167
203 922
332 254
501 721
108 533
643 802
631 363
868 111
150 954
691 558
375 41
918 215
424 763
627 469
406 959
541 48
160 21
749 173
659 61
808 641
809 744
727 929
636 843
928 42
892 347
450 674
839 444
507 831
326 273
365 309
866 378
739 248
406 665
298 510
964 847
35 737
4 695
934 163
682 408
518 546
260 822
175 197
584 890
469 472
252 984
127 220
754 566
592 421
245 129
248 411
924 380
821 740
383 55
691 919
851 198
294 556
188 39
527 566
417 771
850 475
540 419
616 713
464 393
780 391
794 50
188 773
672 602
897 827
610 298
421 921
883 553
906 571
706 889
193 810
379 831
992 86
956 497
509 257
889 978
505 985
32 354
223 887
243 77
560 825
135 445
764 569
341 728
766 155
159 331
91 385
788 281
996 102
864 143
483 555
637 406
158 701
366 244
663 984
689 325
523 505
388 38
289 87
306 911
919 983
404 256
650 120
890 869
851 729
124 45
587 911
682 937
935 73
683 496
132 394
280 445
147 950
754 92
68 548
734 989
626 250
665 526
388 163
66 5
599 173
30 760
308 506
346 821
130 998
592 69
649 2
27 402
636 150
378 130
252 687
270 58
74 667
262 549
27 259
9 780
213 52
400 687
929 888
112 665
47 189
587 88
438 714
408 777
559 214
947 112
992 583
347 976
187 679
190 574
340 399
979 949
540 272
763 601
754 264
278 60
942 23
598 629
875 16
782 636
9 460
252 747
865 26
21 877
12 255
984 696
453 347
789 273
165 236
724 826
637 743
768 532
96 39
538 898
120 173
319 503
232 423
124 653
732 76
239 172
96 150
759 805
79 471
85 790
985 792
432 168
437 137
594 129
613 288
600 661
860 351
272 720
169 692
958 332
43 159
797 298
379 263
54 317
725 952
855 197
642 680
243 613
350 934
631 339
671 226
804 783
363 553
313 448
735 122
563 416
765 538
665 474
960 692
764 342
951 846
660 521
899 819
170 765
475 93
766 201
726 798
729 106
765 892
913 147
933 80
737 567
528 630
800 267
178 179
841 497
61 114
494 829
227 706
946 172
269 985
145 331
40 63
131 904
182 757
972 208
152 77
681 565
466 408
268 230
291 95
202 366
758 939
719 52
999 484
894 10
236 976
797 635
449 789
267 132
694 237
825 626
96 50
789 23
335 605
284 961
395 344
324 450
785 848
183 409
46 915
950 421
989 577
739 690
318 307
929 254
547 827
986 505
573 109
952 329
733 604
258 786
778 461
416 134
919 652
703 53
190 88
63 426
712 472
108 577
109 408
865 986
483 63
66 77
592 13
426 173
518 293
764 267
914 46
695 855
648 158
465 973
136 498
467 384
490 547
736 951
41 59
188 318
818 677
325 883
36 762
109 988
797 393
256 938
331 302
334 963
283 387
396 226
303 545
793 594
705 366
62 573
447 817
304 513
467 79
52 204
732 577
420 127
926 929
781 98
766 672
733 425
771 148
5 852
468 412
541 802
429 8
70 378
491 979
617 545
223 909
315 478
334 46
851 128
907 178
834 906
171 767
478 777
787 477
945 980
471 64
613 968
828 519
718 601
489 353
343 10
57 357
366 217
663 951
46 943
695 667
569 258
220 614
4 587
262 903
301 675
485 326
609 862
142 729
128 359
439 167
954 831
460 4
445 952
32 259
471 644
4 873
497 9
885 918
925 511
547 565
248 992
109 52
178 567
14 177
587 337
324 777
612 228
826 556
506 11
62 959
368 24
812 885
514 735
71 230
365 453
38 501
188 204
448 63
469 49
501 403
605 527
161 926
348 536
644 989
536 766
424 56
328 5
526 473
639 368
622 518
1 722
255 123
378 658
966 115
370 802
520 801
334 761
814 199
675 671
692 743
538 141
425 588
172 398
410 312
324 116
213 693
92 426
664 731
257 155
165 562
187 70
633 250
232 573
422 846
828 709
741 612
724 918
600 412
129 114
367 454
204 18
79 498
215 242
316 798
309 377
664 872
186 500
765 696
340 977
119 598
64 984
307 538
784 449
441 34
295 139
43 178
33 504
81 844
265 221
546 54
323 339
217 756
299 943
626 872
907 747
233 610
216 981
894 617
940 96
994 631
995 306
298 46
446 510
904 756
604 56
346 818
882 928
631 255
243 678
1000 299
450 788
144 727
859 496
109 241
223 121
726 896
517 293
164 617
458 138
539 367
796 118
446 683
967 511
650 304
65 752
26 505
590 32
145 477
223 729
610 139
847 714
500 295
981 272
675 605
344 843
523 34
201 966
849 978
991 683
545 653
549 205
254 349
725 237
679 894
282 432
103 40
13 256
533 569
129 998
202 331
735 551
495 962
373 482
786 653
358 126
629 358
396 287
367 260
794 390
236 494
902 90
380 625
179 710
699 15
206 45
963 402
769 253
759 804
480 310
903 14
135 416
564 822
431 889
253 479
897 81
536 271
609 367
718 59
320 906
86 673
717 449
609 728
172 826
546 235
1000 819
488 127
774 27
777 773
744 176
600 948
640 27
289 227
65 900
748 767
695 684
330 544
116 608
833 415
942 811
797 252
670 378
767 402
341 160
330 691
739 853
422 99
705 837
912 665
678 944
765 333
301 203
528 841
584 981
696 239
237 305
722 959
600 914
142 380
347 910
41 111
149 683
527 843
269 71
252 769
680 818
681 31
19 608
258 248
758 31
460 758
887 697
486 918
478 470
501 655
70 140
862 376
738 186
799 361
529 893
767 37
864 268
224 171
13 313
52 271
126 6
741 555
278 827
137 949
45 100
496 878
619 272
91 347
54 77
555 552
549 354
811 578
974 18
244 363
286 112
33 375
916 143
811 979
318 673
147 315
760 888
959 440
172 798
943 947
68 863
850 665
542 99
324 161
108 563
859 237
60 718
354 495
116 754
389 188
47 560
194 4
303 410
711 489
512 161
17 517
381 722
221 893
627 742
521 181
5 108
372 907
433 495
57 885
810 93
886 992
892 305
435 48
695 854
240 168
134 674
527 137
665 561
587 402
950 768
739 883
386 871
387 194
722 931
247 988
148 925
299 783
835 849
993 313
830 596
390 961
83 305
763 403
287 347
783 582
382 863
364 446
813 767
995 740
946 32
106 773
896 757
24 560
818 230
490 119
611 549
905 275
267 453
876 455
992 76
480 400
426 589
881 249
609 476
710 644
941 398
51 932
803 501
645 246
841 891
560 238
832 579
617 979
734 352
175 923
34 29
971 804
555 421
332 794
452 3
63 423
964 215
604 878
399 132
314 492
902 37
704 828
119 403
670 1
926 175
674 92
648 639
890 702
342 33
923 845
881 273
74 76
758 351
52 126
346 863
38 185
601 803
178 564
630 598
541 191
778 595
788 453
144 635
787 227
868 478
529 360
639 541
473 882
773 354
648 10
27 71
670 767
863 878
882 577
776 174
705 216
83 348
411 341
268 506
18 657
183 713
314 520
791 14
667 4
830 624
136 604
674 444
700 68
44 544
945 299
527 673
291 137
275 400
184 823
480 94
932 390
296 672
297 649
500 896
304 155
495 143
81 975
361 911
516 891
646 702
314 63
23 661
610 177
138 481
102 950
506 807
919 797
663 185
212 774
132 711
725 832
45 564
627 98
538 753
6 59
10 54
33 511
424 809
592 650
664 7
132 485
404 258
764 848
47 650
618 690
357 302
324 569
699 543
994 901
134 302
683 3
388 173
530 498
623 293
167 259
902 946
119 10
809 221
94 348
991 214
649 145
8 103
249 997
450 644
865 739
443 565
631 28
959 517
804 602
587 90
112 58
665 670
93 318
197 316
408 698
460 723
28 399
185 443
840 669
468 198
550 268
269 843
316 498
10 805
410 123
787 699
615 875
28 685
13 319
931 772
805 803
723 166
286 488
180 875
162 714
969 42
55 181
521 913
315 879
542 569
887 792
64 307
712 772
785 584
636 9
461 975
374 868
413 876
880 912
197 981
326 763
112 819
224 861
171 710
983 831
772 836
78 931
538 674
110 826
85 645
536 574
877 617
96 502
284 669
679 913
107 790
996 152
542 4
545 288
765 325
215 868
350 533
422 390
388 242
959 101
726 336
213 259
731 458
481 971
744 111
981 782
322 157
434 451
416 90
878 510
56 49
147 986
496 136
441 761
407 276
856 728
284 65
697 296
999 751
446 757
86 332
108 396
770 651
401 52
259 402
153 699
463 914
246 6
891 863
606 294
218 751
365 396
442 667
316 176
407 107
50 484
32 871
767 369
645 507
776 358
481 480
482 795
193 468
123 535
490 382
677 400
917 539
666 285
424 128
135 946
748 497
236 986
991 543
10 680
106 177
855 548
988 311
644 603
961 713
788 526
2 903
206 159
28 855
521 825
733 150
625 821
91 367
44 157
194 558
46 695
763 931
570 309
680 429
590 944
674 578
962 555
257 433
219 62
310 875
958 519
103 608
967 719
68 8
683 284
996 301
262 921
363 856
308 239
716 732
60 357
246 567
502 685
708 776
391 588
802 469
163 693
648 979
795 644
912 984
506 275
416 247
91 951
761 799
136 150
502 847
549 622
397 753
215 622
143 509
646 492
740 415
230 837
726 94
873 762
431 438
126 826
865 698
368 510
338 479
320 369
122 197
31 643
181 588
94 950
572 471
282 821
355 345
395 766
731 914
623 672
767 543
425 811
390 823
706 684
549 930
541 542
422 658
740 930
814 169
117 282
654 470
567 947
71 576
808 2
165 651
796 611
908 101
641 678
34 81
456 444
664 705
700 135
993 139
653 311
267 452
284 859
185 595
386 458
245 671
342 325
31 500
324 2
987 450
492 924
456 154
385 130
541 954
485 17
717 584
326 707
439 992
707 848
375 998
12 630
875 550
987 224
658 791
698 117
682 670
208 265
650 496
389 364
194 980
671 346
270 481
590 174
994 783
21 369
742 805
545 383
297 470
752 805
402 888
320 657
46 797
901 138
809 563
204 3
426 5
726 152
639 937
323 407
643 692
539 615
351 461
104 63
780 664
235 556
497 361
743 844
855 578
264 165
696 168
610 882
203 424
705 46
372 715
670 150
905 525
9 576
696 390
334 588
306 149
399 912
862 422
420 413
761 81
102 363
853 673
582 33
819 369
353 755
434 817
977 801
40 392
495 936
166 760
499 301
82 255
124 902
857 599
126 204
608 815
707 641
887 823
999 473
340 554
894 241
931 73
783 1000
385 125
442 6
614 240
194 743
129 699
107 638
788 693
438 506
955 204
439 855
450 396
290 37
954 12
771 590
840 418
980 728
931 308
57 391
275 312
785 943
950 355
147 370
893 533
305 158
96 602
684 187
579 407
138 851
311 119
696 665
705 605
225 939
601 540
765 273
161 387
437 374
664 294
320 620
375 14
892 148
531 950
125 547
248 793
568 177
846 748
173 823
471 889
882 640
938 894
479 274
765 853
605 736
606 331
94 127
847 551
585 588
299 731
749 321
531 370
364 225
663 371
39 955
62 616
49 703
66 631
308 936
720 591
95 480
64 92
503 256
128 697
623 958
849 865
615 894
905 779
603 798
943 739
982 811
116 169
160 408
340 735
822 272
935 964
24 664
614 269
409 930
481 923
528 88
676 928
348 209
366 908
121 601
728 559
596 480
834 255
608 69
954 177
936 604
962 708
124 767
458 935
366 804
299 157
617 938
724 650
287 628
950 476
600 775
784 557
993 429
551 888
299 443
894 422
739 633
460 78
890 759
431 703
413 320
905 988
769 552
214 613
332 400
977 845
134 410
262 623
360 857
41 20
442 983
351 5
579 830
552 648
507 779
937 926
39 744
385 961
540 947
145 157
308 767
943 95
575 667
423 670
675 797
621 201
71 168
93 400
610 826
331 263
95 294
830 815
891 719
658 228
877 496
679 574
701 66
973 989
23 58
573 809
687 19
304 536
965 861
84 939
586 21
86 566
168 134
579 635
746 735
379 922
550 523
148 575
832 812
941 134
192 395
486 45
491 633
789 306
936 794
277 14
667 922
906 766
600 423
859 690
241 767
104 689
637 377
710 751
915 757
515 495
166 506
42 907
885 635
505 775
310 872
186 426
940 247
669 431
644 879
821 276
417 86
825 849
384 921
630 908
498 91
432 949
640 74
845 63
773 290
367 847
703 929
427 234
229 810
637 189
808 907
751 949
368 642
773 179
28 468
579 252
573 976
517 190
657 492
342 229
74 591
679 158
517 207
41 892
406 518
501 396
326 297
454 282
402 217
850 656
351 142
587 936
565 324
739 81
79 528
902 677
32 789
390 820
9 555
527 937
337 838
240 999
538 402
558 977
649 539
690 249
274 592
222 810
814 174
288 732
793 874
279 406
799 335
250 546
953 891
182 327
274 882
447 609
374 899
909 908
824 904
309 576
770 498
607 691
187 172
98 961
600 387
984 994
841 959
788 658
715 850
529 864
777 647
368 753
82 461
964 51
233 79
840 225
197 940
827 493
409 692
819 833
822 32
457 640
591 493
59 692
944 158
530 859
622 397
200 382
664 45
258 834
885 881
194 836
211 862
307 543
533 277
976 158
707 30
502 654
674 205
416 165
368 686
609 849
651 596
674 943
791 580
4 906
702 97
830 58
687 663
854 172
206 142
71 82
423 956
256 875
795 830
231 392
86 373
913 207
731 576
236 34
844 289
296 215
223 151
563 187
66 993
623 711
139 528
288 538
184 731
58 681
481 47
836 759
653 999
302 47
529 25
178 457
586 474
378 194
334 764
830 705
524 788
619 158
412 810
474 963
310 357
493 259
434 641
680 185
845 673
883 466
24 701
293 443
909 944
487 644
572 878
261 705
558 425
211 741
465 175
637 688
799 44
237 706
571 46
670 173
101 147
68 108
968 82
314 172
376 989
413 168
823 893
882 283
315 586
63 184
615 511
945 727
986 269
414 786
973 1
828 772
29 105
964 324
342 464
380 131
579 279
879 171
424 957
941 948
411 681
659 383
74 933
347 507
441 882
189 468
248 912
691 526
69 878
288 11
324 985
643 659
679 209
802 883
169 792
227 238
462 843
726 20
692 108
420 567
362 682
856 365
291 666
327 200
443 567
224 404
355 259
361 834
624 840
880 418
297 158
210 617
174 820
566 798
571 672
438 650
117 438
658 784
934 941
494 916
101 866
213 628
14 639
590 549
753 615
760 453
357 601
429 60
840 637
550 748
258 420
81 527
723 168
743 21
214 813
879 565
20 734
936 831
261 660
82 115
118 605
824 832
839 663
186 181
542 590
870 107
907 255
638 23
819 416
770 301
989 343
3 678
23 699
889 611
765 240
340 813
552 653
183 433
560 168
524 467
85 643
360 414
868 894
775 226
524 670
63 220
730 891
214 344
163 522
536 48
976 215
156 449
391 618
675 538
972 867
795 698
498 790
981 667
69 945
329 796
935 254
574 778
532 91
27 453
63 259
835 314
251 35
215 580
91 986
40 600
852 543
504 645
857 135
839 499
640 683
345 91
364 913
713 732
147 845
810 247
350 196
333 906
138 893
854 212
838 681
92 779
240 30
347 786
962 328
491 431
753 848
151 243
618 742
728 178
491 871
13 238
141 57
913 32
108 172
574 465
244 924
780 336
142 413
314 692
58 600
526 546
487 409
269 806
734 569
326 793
240 730
776 582
322 912
483 466
89 907
55 234
457 175
520 587
116 500
808 835
528 54
158 753
568 855
399 745
184 38
443 253
814 988
214 696
486 189
767 772
346 480
44 159
233 82
324 447
20 976
484 293
824 698
417 228
43 782
736 426
573 813
775 177
778 151
228 802
907 505
102 719
822 244
200 323
243 737
203 612
759 555
760 891
86 819
802 96
897 348
336 18
669 240
928 438
46 881
128 270
682 877
240 276
920 794
122 638
177 855
381 751
60 615
562 790
375 497
808 682
916 701
187 807
26 747
136 103
284 167
468 836
919 479
469 704
728 368
853 916
674 618
382 529
812 796
27 124
212 432
969 731
307 412
970 356
476 509
919 189
981 356
252 800
830 603
227 738
563 124
784 895
838 454
54 625
960 80
210 851
89 630
951 70
499 339
580 552
748 358
325 435
258 364
228 642
410 339
693 888
918 991
111 727
480 403
980 480
124 578
896 389
551 767
552 295
625 983
239 371
495 225
354 987
794 364
633 316
797 603
637 284
910 874
513 140
309 353
951 214
383 944
478 924
874 247
524 177
453 706
609 660
917 211
868 679
926 3
215 968
327 530
259 882
132 524
726 444
138 189
820 945
603 35
398 331
755 156
613 70
912 951
285 350
15 454
915 204
777 211
998 659
745 196
330 615
919 541
905 119
651 599
212 647
8 984
969 772
344 616
934 506
656 822
995 248
958 460
528 773
618 785
730 375
94 246
774 258
227 467
1000 721
285 751
57 624
634 68
969 320
143 919
221 435
22 204
23 125
814 344
544 878
608 639
277 498
478 429
245 430
926 897
174 106
214 919
620 238
402 685
774 725
386 138
832 998
962 941
992 309
849 549
496 971
687 409
474 738
226 159
368 928
637 335
504 309
237 705
457 577
738 562
171 735
120 261
756 402
534 209
659 563
694 964
789 956
331 421
101 116
785 941
612 320
337 806
928 399
656 926
989 822
649 299
169 357
599 59
910 642
364 648
668 496
798 855
876 255
164 695
146 486
916 646
152 619
639 732
949 378
753 73
113 234
406 719
522 748
136 63
528 865
545 837
85 4
483 350
716 170
790 673
882 702
994 452
5 323
325 679
433 636
601 333
308 856
516 81
402 433
22 910
4 141
437 470
207 390
124 84
762 971
688 986
620 413
948 420
408 701
869 600
660 1000
896 914
571 528
183 814
75 993
918 295
757 197
524 682
690 190
395 998
917 629
844 955
727 770
820 352
196 887
970 993
93 78
19 919
131 689
463 364
486 7
469 827
326 988
20 735
936 800
775 793
564 332
414 435
573 550
119 784
64 538
107 593
522 411
941 467
393 709
948 413
585 377
309 345
759 977
741 358
941 356
160 551
656 732
107 890
125 341
612 661
302 703
160 918
267 970
510 724
4 527
30 319
413 429
17 908
273 538
437 295
574 696
332 3
722 631
834 861
233 578
363 671
968 523
753 267
570 963
420 686
203 822
241 127
976 502
992 135
870 199
751 881
19 168
189 360
905 143
928 248
913 372
716 127
19 281
904 113
246 490
242 567
930 701
456 888
644 115
169 21
667 306
152 869
248 762
504 612
636 917
13 156
507 619
914 233
255 473
867 219
706 327
744 558
467 201
362 401
827 569
442 521
120 675
596 745
953 899
37 328
370 791
130 615
60 63
500 182
192 239
139 424
356 946
857 755
850 412
819 683
107 397
571 282
537 670
25 434
334 420
686 57
671 815
177 95
624 384
382 400
296 635
228 638
452 102
552 332
185 933
903 209
868 70
245 553
291 305
620 890
210 323
693 199
861 364
612 570
501 933
648 760
132 553
519 175
225 759
82 664
102 607
968 841
200 467
665 687
530 58
981 717
711 596
329 942
897 460
220 957
375 67
394 590
142 992
569 52
117 321
613 588
170 41
699 203
227 216
281 976
800 864
527 503
948 88
274 123
369 191
522 725
227 41
523 628
999 703
854 134
272 581
911 965
680 613
848 811
343 413
134 678
762 947
148 88
18 903
921 750
705 71
67 421
305 625
970 357
630 155
874 729
397 178
3 7
369 763
27 925
486 786
605 456
255 211
884 641
782 698
463 6
283 676
838 86
804 450
183 903
519 553
830 698
238 420
102 221
789 483
457 842
809 509
59 10
262 429
26 484
12 188
256 44
487 354
745 42
58 462
810 977
262 316
873 323
28 950
936 903
495 228
334 162
944 434
871 841
802 816
824 744
736 52
133 690
998 340
287 697
328 806
498 490
885 718
444 245
105 148
81 419
457 857
138 186
450 248
33 64
80 849
638 111
321 333
322 62
706 573
754 29
826 510
593 409
333 670
850 520
355 954
52 122
734 634
346 859
700 830
111 473
377 711
583 659
820 71
623 370
39 733
186 883
260 30
560 721
377 688
179 486
53 449
181 572
184 272
888 804
853 106
247 783
529 364
964 949
383 223
428 788
377 977
44 879
481 323
620 743
227 291
453 957
166 386
743 444
943 206
438 514
75 964
891 382
596 162
460 79
212 171
947 312
932 172
143 775
496 750
170 867
905 748
33 853
583 501
518 500
555 936
463 395
945 184
799 301
632 557
111 529
40 282
666 114
978 448
816 427
758 239
84 707
128 877
296 563
556 788
188 609
471 242
236 789
148 215
388 710
614 70
427 872
580 520
422 285
827 267
668 781
315 735
676 764
239 116
849 224
208 232
564 637
409 2
603 401
354 689
7 931
951 483
952 262
772 529
481 818
854 381
203 781
722 547
895 1
584 704
948 97
17 705
19 143
368 347
173 830
617 408
781 575
484 641
892 262
696 105
470 340
787 146
317 751
960 686
374 240
48 796
699 452
922 614
227 10
190 710
377 317
433 627
754 453
921 678
226 42
64 177
136 286
265 638
620 414
786 456
326 17
628 945
402 449
442 626
614 708
17 158
87 526
572 200
781 84
505 323
892 825
969 460
553 29
939 904
581 295
984 271
13 315
162 599
97 394
751 408
334 329
871 34
656 17
896 544
609 23
958 391
174 298
997 664
173 70
507 120
367 419
223 960
187 214
244 493
943 663
145 830
555 707
578 864
429 550
21 468
217 569
16 700
972 703
215 239
363 880
132 772
831 197
799 886
635 957
982 194
824 220
678 715
200 662
77 720
406 910
299 346
183 566
927 887
556 642
133 223
781 547
70 682
809 810
494 634
47 238
583 1000
697 520
605 848
127 444
238 469
425 930
709 914
856 506
175 10
952 973
330 993
564 713
153 552
594 490
389 680
903 647
10 882
706 759
321 659
511 128
518 782
10 709
597 783
980 121
208 278
329 9
365 827
460 977
766 281
348 408
417 702
954 399
224 160
784 66
989 327
664 536
538 113
888 502
785 48
837 451
270 892
785 552
548 532
266 239
582 409
451 169
950 157
326 731
775 34
330 159
637 487
31 306
290 104
93 533
498 455
615 432
30 126
161 253
717 480
96 406
601 703
930 171
729 18
169 555
96 517
886 680
445 942
432 519
470 67
418 359
510 832
750 616
476 955
616 122
262 590
66 71
798 684
49 317
255 521
381 862
847 853
479 433
49 824
929 828
45 666
22 597
367 871
577 226
777 480
856 295
599 433
838 651
218 604
184 484
758 338
379 134
814 180
579 375
142 349
514 343
723 550
788 810
649 303
585 521
549 942
9 200
818 897
76 222
766 603
714 254
224 366
520 779
813 762
62 694
374 740
582 57
732 974
988 352
611 987
336 775
903 393
637 583
193 726
844 851
277 342
172 292
192 490
103 252
179 660
989 251
58 463
332 674
684 655
940 801
980 482
374 817
345 793
977 300
758 683
157 442
703 117
685 900
884 58
50 701
586 142
417 134
222 617
778 137
870 275
948 55
466 589
721 961
480 977
318 465
138 187
494 457
557 492
706 417
765 265
363 713
513 846
497 3
711 456
860 722
630 568
445 148
7 749
708 526
749 166
611 349
251 212
852 512
304 999
29 454
394 837
752 485
362 945
734 661
455 428
261 792
216 98
678 76
662 577
75 153
430 960
600 521
674 305
826 930
939 135
526 419
641 843
515 846
643 133
188 62
598 497
658 954
552 201
454 281
719 295
245 428
373 359
597 637
675 645
126 353
897 643
444 502
357 947
563 888
715 533
977 1
645 866
77 550
323 652
144 361
814 794
12 304
819 896
81 851
601 148
780 813
512 691
90 931
151 862
54 14
359 700
883 98
962 623
102 826
270 745
965 392
641 66
383 807
774 372
940 186
990 996
316 820
163 531
863 962
593 218
441 917
461 362
357 297
323 345
142 703
697 196
471 305
685 539
190 139
377 450
892 33
221 783
204 35
706 189
617 270
29 136
969 853
669 723
554 505
366 315
4 986
833 294
707 285
801 320
252 678
109 235
401 178
40 526
410 992
26 545
728 443
655 394
612 540
994 450
403 636
136 432
451 965
198 178
311 625
880 465
791 843
574 169
460 633
444 86
529 657
218 647
365 564
448 19
616 526
763 481
635 260
92 759
939 693
58 579
701 939
39 772
687 232
637 813
107 18
762 282
563 807
804 27
220 194
59 196
445 745
942 137
376 64
672 637
282 189
4 630
491 913
828 368
352 57
371 199
561 395
288 997
456 71
496 888
922 364
525 641
372 330
837 256
897 171
510 504
976 940
871 993
195 64
258 162
146 516
147 293
704 714
635 606
629 173
394 374
586 738
974 325
82 581
307 600
398 257
920 769
117 817
685 639
725 562
530 576
379 122
842 865
274 130
627 272
55 779
692 627
759 279
190 296
708 567
476 839
863 341
757 754
708 582
411 423
513 592
787 177
165 205
886 448
215 259
552 556
1 882
390 844
687 942
246 622
999 968
661 949
306 332
253 742
63 108
951 613
255 424
516 198
224 468
830 930
500 257
487 5
126 479
574 423
749 579
376 369
438 890
75 540
480 172
248 184
602 219
895 510
1 318
210 908
905 948
524 978
174 275
898 795
840 491
508 617
942 65
484 525
332 703
478 645
454 636
20 628
37 650
357 779
974 229
318 585
836 142
983 873
146 838
263 201
525 566
806 893
78 588
519 24
78 248
203 211
745 93
360 509
342 317
159 409
287 596
113 667
125 532
43 240
685 833
823 189
764 862
416 302
454 682
612 282
155 587
462 629
506 768
233 659
99 310
928 148
450 948
512 167
91 906
865 979
593 460
740 53
133 161
373 556
86 131
133 306
635 166
709 851
798 572
268 543
839 464
956 748
428 897
386 865
301 142
821 615
402 503
652 875
796 811
246 150
438 548
250 533
909 85
434 951
897 565
307 223
555 695
112 731
450 278
748 466
804 460
36 86
594 1000
386 165
619 71
162 668
269 728
44 176
706 877
600 280
339 364
967 121
185 598
853 172
444 561
391 90
358 395
713 377
401 879
85 855
326 356
599 861
418 182
661 106
824 456
966 775
642 585
898 767
518 188
861 556
121 992
33 70
270 405
401 538
937 760
699 521
246 532
378 404
472 977
380 234
471 669
919 681
613 980
116 732
492 416
657 634
267 754
838 848
968 581
347 59
590 508
591 813
830 431
942 869
808 649
132 67
446 295
229 701
507 823
424 257
889 326
435 131
952 791
57 629
277 684
795 163
759 146
905 423
4 315
23 9
359 433
745 103
258 186
791 4
114 800
633 816
649 571
687 215
376 327
122 120
781 46
785 171
14 615
952 740
681 490
666 350
813 733
220 730
448 835
33 875
213 717
827 833
480 84
582 181
840 468
624 379
861 98
590 672
774 603
337 462
488 590
24 304
233 158
733 217
419 305
846 488
849 452
485 48
747 421
824 646
827 269
702 747
141 974
190 479
968 165
181 184
842 706
113 722
851 624
195 500
641 242
489 690
997 183
1000 229
290 371
533 309
682 913
540 535
759 669
355 843
104 73
433 949
553 900
241 80
243 574
742 548
691 530
825 216
220 790
95 922
21 995
5 430
262 535
948 18
868 361
464 607
429 739
643 437
209 813
84 335
115 552
592 490
39 545
48 845
430 422
767 347
115 736
171 164
61 218
725 179
526 444
390 796
911 578
914 418
990 201
219 547
317 929
783 644
988 442
330 316
225 66
563 806
178 376
107 418
374 604
326 862
604 377
895 426
771 866
966 492
723 29
281 242
223 962
297 888
393 633
447 266
766 44
72 56
498 841
274 128
465 31
855 270
898 966
175 1000
876 811
897 170
955 795
464 209
429 95
530 780
508 10
788 436
330 629
403 142
541 94
726 392
450 143
215 909
149 495
977 166
445 904
255 587
950 569
897 485
772 759
845 487
518 23
904 391
812 752
617 344
467 801
130 851
459 133
481 973
464 285
172 742
247 34
263 825
912 769
470 263
346 785
460 297
108 379
312 784
543 791
929 647
161 637
700 453
39 628
978 800
65 473
28 203
620 365
967 472
37 19
792 465
451 817
931 635
207 276
135 539
871 269
304 541
856 26
77 446
867 442
351 597
897 921
457 194
19 839
776 586
118 320
654 623
473 244
861 291
720 834
703 335
684 677
701 513
335 775
323 839
896 445
268 159
883 319
392 716
745 290
85 833
466 837
124 681
345 684
343 393
436 541
515 466
376 938
493 429
20 67
148 120
629 577
392 554
335 714
104 852
967 709
287 599
401 684
403 170
815 881
302 924
220 521
557 390
480 934
601 558
926 197
470 65
425 448
885 954
547 513
908 564
152 567
856 523
854 42
986 146
827 681
597 380
853 226
687 998
912 764
235 727
507 810
772 408
302 459
888 937
303 118
964 860
549 842
911 887
481 292
129 209
248 537
201 677
787 938
737 619
939 679
923 58
118 930
895 814
400 221
629 350
379 408
390 952
909 84
552 239
300 350
560 714
10 743
391 294
236 767
995 825
112 437
224 223
927 257
753 364
357 845
210 113
173 123
799 219
479 941
128 900
937 775
120 126
529 636
324 8
107 648
326 682
183 215
884 64
25 173
615 240
907 59
693 614
909 617
258 573
603 489
655 734
128 81
846 175
584 122
596 204
773 187
544 984
519 482
916 392
816 812
621 695
124 113
109 483
864 568
981 863
543 568
973 541
476 921
954 537
795 535
407 485
337 617
381 864
705 774
632 802
864 949
749 53
182 990
511 774
331 228
909 261
51 37
89 410
986 904
517 448
170 701
27 92
925 571
13 161
986 571
840 872
838 821
516 159
899 17
421 733
61 294
745 813
942 401
945 467
1000 770
737 849
311 162
900 653
758 201
979 140
675 647
715 646
789 403
443 91
178 320
582 170
219 944
1 357
827 177
941 201
319 817
969 128
95 996
97 333
923 755
449 804
818 487
654 833
868 609
306 674
42 588
404 43
868 752
315 720
764 929
557 19
877 638
234 868
495 475
580 83
963 109
964 306
323 202
949 130
417 17
388 886
281 706
817 528
308 173
241 198
276 963
406 886
389 108
138 581
217 877
700 878
111 393
395 228
977 859
372 859
517 241
129 720
459 105
425 169
386 260
969 755
782 239
968 753
455 509
961 408
916 83
871 181
191 660
714 963
457 378
274 352
114 611
761 420
230 609
505 102
14 294
87 820
628 956
499 576
302 221
566 898
456 653
917 512
899 13
463 74
212 202
702 957
400 948
594 542
676 200
54 684
145 640
789 439
24 623
97 399
119 974
154 254
745 350
162 709
556 360
183 121
186 207
836 773
291 392
220 482
737 200
811 705
116 179
263 796
512 738
350 980
768 668
897 56
737 313
958 643
704 558
425 107
292 693
225 638
725 877
580 32
671 139
214 482
113 765
664 251
205 37
998 482
547 774
750 259
419 456
545 313
347 429
829 993
744 199
907 527
414 557
240 422
32 248
612 70
27 472
203 426
342 892
894 796
143 486
759 390
579 804
416 960
333 901
961 100
742 235
764 367
109 862
463 923
139 881
620 156
83 684
22 375
820 955
594 736
500 259
733 299
383 502
370 787
539 30
250 409
182 450
754 857
761 19
814 7
28 648
359 222
54 648
352 104
651 422
227 689
231 992
15 791
427 663
586 832
471 198
680 261
664 906
992 23
332 520
637 371
180 628
146 836
898 503
955 266
298 539
372 424
500 741
200 249
897 181
863 870
228 815
757 145
534 701
370 8
298 406
707 155
393 967
