1000 9901
18 428
399 217
440 422
151 648
264 884
891 327
643 121
731 446
933 598
256 456
76 201
167 226
172 564
198 572
324 911
167 371
226 685
388 108
801 157
640 285
913 889
645 4
422 135
78 805
852 568
924 221
104 416
985 348
553 765
972 241
131 275
278 492
922 554
355 241
104 463
910 11
397 460
573 207
352 601
169 117
799 753
492 429
213 868
291 550
109 979
294 687
26 313
981 367
732 683
895 809
715 447
117 105
66 697
965 827
514 389
516 331
865 383
665 769
996 967
61 370
463 2
573 279
461 733
334 277
904 572
248 214
267 364
840 442
706 875
818 369
797 39
667 636
45 64
926 731
709 233
529 627
641 564
56 598
777 538
245 954
907 395
376 967
641 123
661 104
609 687
250 583
524 400
30 89
426 234
82 632
746 403
195 427
703 141
80 89
159 110
390 376
381 541
739 951
42 429
22 409
214 103
255 601
695 748
593 302
167 279
117 920
152 532
706 199
800 896
503 159
436 340
913 593
88 769
711 235
816 335
869 619
477 770
796 154
788 704
191 704
710 304
892 300
257 726
792 881
407 305
541 586
320 114
429 816
800 332
359 435
607 217
982 919
415 498
533 699
188 168
818 51
486 909
239 591
520 953
614 393
245 346
157 712
268 167
417 635
272 290
182 293
366 582
187 81
560 981
874 253
20 695
663 671
228 562
634 541
599 541
214 741
401 952
789 229
21 75
885 563
427 876
784 427
755 944
257 301
964 172
416 394
453 673
348 409
635 695
561 75
637 29
731 216
931 394
632 387
116 540
544 997
122 721
195 391
566 138
521 283
566 293
791 796
306 678
425 287
142 547
692 507
985 375
458 465
241 39
976 414
260 111
43 873
854 83
640 709
826 752
29 875
970 455
436 479
75 41
57 550
445 407
251 488
952 821
554 169
293 195
791 836
630 340
705 3
946 303
196 914
131 9
683 596
830 901
706 751
782 808
514 604
718 682
754 675
277 416
153 882
961 987
266 691
69 206
495 612
900 610
614 474
926 998
656 134
468 428
624 266
700 215
417 71
79 10
638 319
324 163
3 398
376 178
784 233
490 198
793 77
79 296
462 416
491 31
577 479
414 455
162 420
370 259
777 705
975 738
67 481
361 220
660 266
110 321
661 63
298 695
465 174
394 226
983 164
552 514
459 456
756 354
3 842
512 436
464 98
392 415
856 868
217 686
569 321
459 345
906 125
224 546
266 23
561 933
341 853
582 893
308 130
219 377
744 200
468 584
693 17
288 611
579 150
322 149
151 469
596 691
833 263
373 710
728 491
247 173
264 5
749 107
877 54
556 525
481 685
133 364
47 234
964 890
948 359
459 882
936 20
579 581
89 465
970 330
808 353
183 619
331 316
459 707
26 290
27 7
766 976
805 28
619 830
184 665
813 658
889 84
230 364
602 947
35 366
284 172
244 184
351 740
444 458
224 208
348 110
956 365
279 504
227 827
513 408
272 362
757 375
48 193
965 154
987 510
492 944
103 588
314 12
41 716
941 417
945 934
233 84
475 51
888 216
851 460
393 740
101 593
713 467
876 777
797 20
295 245
812 33
229 113
323 244
114 179
793 500
775 316
686 617
945 529
323 133
398 369
562 254
683 738
151 651
358 953
109 509
953 111
403 394
526 540
604 592
18 335
899 746
829 675
180 247
665 972
260 400
265 510
928 170
540 826
915 404
809 761
381 971
735 140
848 800
170 308
476 580
523 841
783 86
239 999
94 62
773 641
443 738
600 420
407 903
190 621
304 684
191 828
822 802
269 98
572 285
350 343
585 48
175 264
73 242
697 776
280 564
106 778
162 552
932 4
224 209
900 570
595 450
585 475
173 232
853 518
106 157
841 70
148 474
719 109
576 405
64 697
747 156
37 730
378 141
816 275
942 534
35 819
840 153
72 227
970 516
441 306
439 843
423 326
726 953
305 355
234 283
567 79
884 241
316 880
506 891
750 734
487 972
626 920
464 155
764 782
473 773
452 500
773 510
258 861
854 763
820 959
158 290
569 377
381 427
472 1
886 648
915 535
617 133
713 698
493 66
555 203
705 762
547 252
9 35
66 52
751 839
754 105
894 853
734 526
751 692
592 227
645 103
673 358
839 11
717 597
226 912
264 173
429 525
265 756
179 26
625 254
936 383
900 474
459 826
297 171
596 457
455 718
882 630
95 359
244 931
691 100
783 572
610 108
314 529
39 796
699 813
581 445
662 790
990 355
3 247
63 668
784 127
123 821
149 507
365 912
847 60
210 83
417 491
58 495
25 30
564 949
509 54
370 284
940 912
415 635
518 887
618 118
867 582
925 948
965 483
990 809
931 175
551 622
898 444
439 988
433 350
323 63
458 794
827 383
521 568
85 524
707 197
854 660
530 694
877 525
698 384
519 242
775 260
262 857
302 986
798 959
198 805
12 880
5 137
599 49
13 686
74 940
419 991
657 552
263 726
621 298
52 91
234 834
557 750
262 522
786 144
345 64
844 414
868 276
999 706
247 889
145 169
458 176
630 314
244 737
282 962
47 70
438 705
368 141
558 566
246 162
844 723
573 11
631 821
636 621
762 183
780 314
781 79
895 113
1 421
995 551
893 630
325 484
755 595
421 977
512 203
283 528
180 892
861 67
440 993
920 427
211 53
304 176
638 143
441 505
667 551
262 249
672 863
822 535
879 272
1 97
510 365
119 671
101 176
600 753
180 513
349 930
67 113
507 342
436 858
272 715
793 287
445 532
623 265
764 127
705 689
220 544
815 719
119 338
341 852
569 433
288 884
812 755
82 976
627 276
415 851
398 39
626 100
57 871
367 646
243 652
905 177
249 463
489 780
313 574
591 919
407 156
257 222
711 178
363 320
127 443
716 196
75 212
740 706
479 382
463 869
579 580
283 3
138 564
591 648
146 14
38 299
957 95
781 145
14 256
416 543
112 174
351 961
205 976
306 422
478 476
210 870
728 983
411 389
729 386
876 311
624 216
455 948
131 770
818 600
976 173
117 181
245 352
982 847
550 515
129 357
58 325
700 244
224 165
296 722
443 133
245 273
407 550
671 789
358 16
675 302
680 376
681 705
918 150
758 297
139 29
966 738
1 220
993 832
703 533
677 664
713 321
253 8
21 57
275 666
662 282
206 902
335 550
820 646
432 847
37 1000
3 792
227 823
360 481
669 787
141 954
716 582
113 261
59 529
871 662
674 78
584 139
825 970
916 503
668 528
261 198
890 672
851 666
30 285
859 787
744 657
436 92
367 964
632 555
98 188
470 439
551 122
700 784
146 745
664 358
77 751
740 49
868 206
748 612
90 953
986 145
562 992
291 714
588 76
2 477
557 839
636 832
195 922
89 387
731 636
365 470
586 559
41 32
522 561
946 357
840 992
216 58
847 743
351 916
445 335
468 144
770 902
810 391
792 902
61 287
192 82
175 267
680 935
718 739
131 977
353 65
306 377
552 97
715 671
387 648
773 742
637 578
908 30
712 615
722 376
148 870
519 692
634 660
687 386
504 433
432 446
567 168
953 748
314 958
619 886
90 601
676 992
401 978
261 343
88 206
699 885
860 244
642 803
347 43
210 289
197 549
91 46
788 504
458 999
366 228
457 648
42 742
738 779
134 30
870 276
85 580
858 324
271 851
367 250
561 915
670 15
251 789
587 927
74 806
384 748
682 999
25 750
426 10
462 964
858 9
255 603
695 750
493 978
419 947
995 144
812 586
393 66
1000 314
599 370
655 12
198 425
159 957
863 425
296 933
958 503
905 201
544 391
503 270
895 536
17 505
625 108
293 92
421 23
4 1
762 847
898 894
734 297
112 8
808 913
634 133
173 519
602 679
727 48
914 299
826 943
193 506
789 690
123 633
911 618
109 582
554 981
439 373
188 59
580 853
980 79
783 684
918 397
762 259
999 242
566 299
16 123
898 455
642 451
519 562
794 6
387 740
641 665
51 605
594 859
922 226
245 713
355 905
440 63
395 46
417 685
49 797
71 829
664 597
353 696
262 274
889 990
447 274
984 966
56 645
681 938
223 891
595 172
903 31
997 357
720 555
225 599
376 997
323 62
472 740
633 59
310 808
607 962
719 644
613 129
959 405
228 225
849 394
682 522
977 190
321 434
285 23
52 262
734 830
938 291
613 99
200 608
232 705
22 402
134 439
411 862
161 267
366 619
403 306
646 274
333 525
635 245
263 870
982 410
829 301
132 137
523 690
649 33
716 161
60 349
378 104
450 525
174 516
610 815
834 423
908 994
749 312
127 228
802 939
862 105
244 424
222 200
494 813
815 61
620 43
692 936
991 668
211 166
139 389
110 920
990 348
667 875
631 602
462 68
961 586
767 10
879 972
564 948
831 809
228 754
233 348
159 108
309 543
201 190
277 241
723 33
429 470
288 209
823 10
145 935
228 976
245 606
895 617
582 439
966 534
372 343
45 279
391 815
341 640
96 132
423 654
612 525
439 547
381 39
445 674
651 123
30 4
414 231
551 994
536 393
601 677
708 143
124 470
52 363
287 524
551 883
259 910
545 318
543 735
569 432
695 560
789 699
498 782
916 933
380 302
370 341
812 643
640 308
713 962
808 694
844 44
863 336
259 766
999 656
873 516
433 695
677 412
342 552
791 644
740 380
833 182
100 915
528 836
565 375
531 187
977 759
1000 528
714 994
537 811
796 220
65 334
122 393
469 420
985 955
770 931
808 242
431 103
776 272
446 940
834 626
905 733
749 574
608 574
554 572
166 686
315 224
525 109
233 431
402 459
399 832
400 802
700 245
561 345
465 716
346 160
651 296
944 318
159 209
343 276
551 723
456 104
607 727
957 996
393 665
304 44
408 665
966 626
702 724
812 140
387 875
63 794
335 545
121 749
324 310
660 296
691 595
876 999
724 695
680 992
253 361
773 408
115 376
833 677
924 532
754 689
161 93
109 362
788 59
826 370
845 54
802 491
261 143
925 495
223 737
796 910
731 288
712 796
327 469
717 845
285 993
749 188
81 486
648 827
152 938
49 818
575 912
972 861
349 568
493 783
498 615
1000 765
146 203
347 886
832 470
209 873
182 784
473 908
476 501
265 50
701 12
615 586
545 608
875 281
732 678
45 761
982 910
896 849
942 19
182 562
724 49
616 730
357 520
106 776
415 424
326 893
843 423
537 722
245 317
81 375
416 199
469 779
344 612
404 846
119 947
266 939
619 459
395 5
718 301
963 454
672 809
784 307
324 116
806 944
842 457
935 532
176 840
817 189
840 234
293 852
129 147
976 986
813 201
300 412
216 927
822 57
721 938
742 832
301 518
351 484
470 135
418 290
486 14
906 223
446 236
138 165
341 922
990 421
768 20
256 312
412 993
949 76
703 93
940 385
998 651
440 188
767 182
476 917
94 476
611 631
155 328
856 747
780 451
971 234
385 919
904 161
388 466
136 11
579 993
835 395
234 87
570 740
75 14
791 716
403 759
43 556
679 616
60 152
444 63
367 693
908 418
715 348
753 737
611 799
408 728
905 644
981 497
106 989
491 141
933 382
408 583
783 732
823 259
807 434
737 966
962 933
301 21
286 507
210 215
469 815
476 29
684 730
643 592
78 948
569 878
343 367
736 137
439 824
611 731
286 149
966 555
453 396
360 284
451 103
589 437
738 701
19 369
890 916
462 357
444 816
485 140
547 897
422 960
827 369
3 851
688 217
651 943
911 465
107 807
807 288
132 488
264 672
816 893
526 696
531 738
41 460
497 80
189 634
483 133
911 247
4 817
665 537
27 97
513 733
458 476
619 523
976 401
208 811
338 886
688 613
782 243
847 779
192 735
892 396
565 274
151 881
725 92
943 405
302 263
131 253
758 412
912 486
472 413
880 42
247 526
140 196
767 471
771 58
790 266
849 974
886 483
892 816
914 558
93 213
723 194
575 813
231 107
88 459
514 251
864 380
420 266
205 524
336 965
852 277
871 91
841 28
310 457
438 178
495 839
81 919
119 891
230 48
12 323
788 748
404 245
330 101
416 466
162 419
950 136
719 837
958 647
831 415
279 804
45 423
415 321
446 201
612 669
719 667
741 511
299 36
545 332
160 942
215 904
789 841
262 827
925 153
105 486
622 317
808 921
570 856
403 115
556 859
100 47
308 60
492 305
887 605
436 152
810 109
152 591
365 351
717 906
701 261
703 331
602 378
497 170
734 810
632 973
355 294
672 100
895 928
2 423
280 432
98 28
540 171
657 129
235 925
87 980
828 45
537 987
511 56
976 110
135 534
875 205
469 532
698 718
511 137
387 257
62 669
391 313
230 355
435 525
164 117
862 356
554 573
170 134
837 201
490 7
349 448
791 297
13 311
340 517
664 543
97 280
798 430
106 70
824 869
254 214
985 315
851 352
745 293
883 179
632 113
394 50
219 11
370 181
778 526
318 685
528 674
467 994
952 342
492 631
935 439
371 658
501 719
746 458
160 825
808 885
275 88
868 121
854 444
983 543
437 692
973 290
777 15
967 772
887 821
538 25
445 250
191 458
907 781
749 76
273 937
809 783
113 170
351 240
256 530
193 242
356 538
675 850
635 129
808 433
200 998
312 672
539 291
121 497
977 722
190 641
744 814
286 960
469 470
198 252
329 355
754 516
847 737
758 452
960 395
875 280
178 72
818 636
663 644
135 634
192 84
84 98
840 704
490 345
716 70
527 100
102 378
801 831
455 922
349 435
97 90
64 269
999 89
286 412
415 56
326 909
116 465
462 253
63 919
942 203
945 229
954 288
269 547
77 410
103 330
50 594
343 315
509 47
778 430
699 67
977 293
11 69
288 253
510 427
756 391
298 763
975 679
633 436
281 463
410 749
929 331
340 878
548 395
863 838
827 340
371 848
855 418
750 332
237 903
355 708
360 110
470 247
627 432
33 670
425 406
25 748
262 771
734 979
881 269
679 86
845 426
425 295
941 983
191 264
817 713
596 424
609 879
591 811
356 472
203 420
622 983
881 111
77 610
134 747
212 433
104 384
400 385
296 306
208 622
109 802
896 214
4 146
815 170
696 290
669 561
448 187
804 264
628 980
666 297
156 539
451 669
288 643
970 99
553 153
158 91
922 974
942 5
709 262
453 216
202 344
168 328
576 69
493 115
707 765
135 892
432 461
876 392
336 617
957 585
429 496
656 444
34 480
434 518
755 662
640 837
23 568
372 206
817 79
156 741
334 134
319 342
929 486
977 402
831 459
834 573
158 99
54 176
561 812
130 456
211 919
475 794
169 731
21 666
799 555
869 102
337 797
312 173
313 212
920 812
834 846
800 706
138 809
972 960
246 741
350 280
566 424
806 379
455 107
627 682
756 974
711 314
933 844
553 882
49 307
468 837
338 713
213 198
108 412
169 32
297 560
898 891
729 24
674 683
753 930
213 792
767 321
786 448
576 788
154 438
325 207
434 776
844 605
454 561
279 242
301 342
805 791
141 237
74 208
112 434
210 784
501 671
378 554
805 983
258 442
109 463
482 732
818 162
489 232
396 268
292 845
168 435
318 965
379 127
175 656
542 480
935 590
794 314
271 175
287 859
935 735
337 206
674 327
710 521
381 157
54 237
202 816
25 793
105 203
432 821
306 978
113 752
651 970
711 730
927 937
806 554
203 963
774 20
522 117
280 376
191 98
449 327
384 353
556 852
99 259
996 19
789 554
973 317
242 265
939 245
326 963
324 807
476 862
847 889
132 114
995 170
868 164
58 293
29 278
892 290
749 103
507 772
606 496
721 462
407 153
190 795
925 732
878 740
722 658
633 551
652 607
424 507
251 392
296 461
610 817
293 227
539 247
139 709
430 452
848 757
596 371
82 56
766 551
254 283
662 866
657 418
331 751
836 576
162 627
932 115
735 526
901 198
305 153
26 512
328 198
76 860
883 404
650 543
962 797
45 87
20 875
607 721
388 759
346 409
237 333
426 465
524 282
581 839
985 838
382 656
732 469
129 806
223 706
346 395
281 611
589 205
384 916
994 895
65 593
742 821
377 871
33 435
273 620
552 881
223 480
564 428
301 706
784 749
916 353
558 328
246 690
303 425
341 230
531 906
80 144
597 405
155 366
947 762
118 363
907 780
701 296
739 205
541 351
545 772
196 816
753 842
643 499
883 935
57 610
867 145
725 19
285 690
34 25
494 699
577 4
1000 925
821 657
308 964
64 96
338 387
875 168
782 740
193 397
820 447
481 137
107 467
206 779
258 499
442 276
871 13
983 695
106 153
571 305
455 810
880 83
538 93
757 343
461 826
903 167
764 693
893 791
31 504
736 94
38 671
845 869
702 758
358 539
408 88
428 363
875 530
687 599
453 712
850 844
633 800
125 832
613 903
924 634
644 832
15 347
164 935
881 691
204 416
646 11
151 683
741 135
803 572
130 866
276 932
460 137
229 964
329 706
581 427
32 511
552 868
754 244
167 483
688 714
429 760
265 367
566 751
623 490
184 281
222 433
734 106
133 416
598 188
643 495
717 546
120 518
190 238
982 718
415 731
734 447
517 347
946 151
610 104
352 344
10 818
946 102
351 683
525 34
893 616
303 596
658 965
552 64
992 775
477 193
796 603
176 884
547 327
965 60
713 83
76 789
280 818
528 104
68 177
144 353
201 272
718 271
408 150
653 416
366 336
992 468
811 616
902 321
11 96
413 780
389 291
484 231
727 293
927 807
307 678
931 288
58 188
251 837
656 633
427 672
613 31
464 10
66 370
584 491
455 801
458 760
275 34
81 279
359 808
584 378
569 10
387 513
882 67
475 571
890 598
125 380
360 873
976 403
526 870
816 556
5 407
434 419
911 772
860 940
739 5
978 823
886 852
8 227
338 662
695 769
291 532
398 792
593 952
5 730
302 372
416 759
606 198
662 724
573 7
207 313
959 750
74 78
580 692
948 198
50 215
966 749
992 948
650 774
995 555
232 873
747 58
375 325
861 46
7 276
64 374
562 205
586 199
187 924
914 718
776 691
746 897
201 268
901 841
257 430
193 944
880 726
699 138
93 663
495 39
121 638
615 310
196 128
206 123
660 279
992 367
634 796
655 540
659 601
931 476
760 874
122 655
957 198
690 941
170 264
860 477
55 637
204 409
78 913
243 453
489 581
277 643
845 480
872 2
674 776
877 783
324 913
551 82
661 510
813 231
795 548
905 36
817 784
692 420
985 342
768 508
97 930
995 173
716 985
531 79
308 348
812 924
485 769
725 397
853 184
485 836
493 697
246 19
61 98
135 643
143 928
629 591
136 690
391 426
563 109
3 162
866 902
114 867
875 92
468 350
514 298
900 364
650 826
387 656
62 786
432 263
892 965
842 767
740 611
693 873
789 326
82 74
926 737
525 991
659 806
440 624
702 840
116 157
959 388
708 441
949 945
846 43
868 551
204 651
580 243
240 464
747 610
784 488
258 963
959 518
651 920
416 439
487 820
307 527
879 22
664 221
405 513
579 458
212 801
930 160
218 126
642 748
792 129
591 563
687 341
581 521
380 222
418 511
185 472
170 140
793 386
456 81
159 820
860 711
149 168
792 351
795 512
869 671
1000 450
895 659
115 637
643 724
458 274
611 296
65 156
230 886
624 685
696 42
956 740
886 877
763 210
69 589
454 249
938 826
621 161
291 556
787 947
184 604
188 444
779 835
265 957
729 192
639 333
677 96
663 205
60 102
616 590
157 988
800 405
623 917
990 136
738 225
818 9
602 912
418 667
205 577
480 64
512 787
875 969
899 361
131 755
297 671
462 195
727 589
874 131
231 770
234 98
236 916
756 227
186 547
408 187
710 692
358 178
346 459
879 743
923 669
85 878
512 672
766 111
756 385
828 534
978 135
979 674
747 590
823 877
224 641
604 501
10 520
621 910
638 820
531 602
16 148
254 573
534 595
846 801
872 444
802 411
881 690
272 934
621 280
61 552
777 847
321 347
928 493
105 444
752 673
270 268
184 77
204 48
740 66
902 817
119 135
185 513
182 282
551 703
972 45
229 596
930 537
462 895
539 483
751 656
127 494
387 159
668 52
688 858
340 165
89 483
60 292
446 357
64 175
305 651
967 409
880 1
334 42
437 842
130 897
792 887
65 267
502 352
326 178
166 523
901 244
502 403
268 127
144 53
408 141
795 374
710 103
288 756
219 536
520 959
376 769
779 730
448 670
330 482
171 554
334 490
410 442
638 148
89 889
466 856
121 584
327 820
413 305
171 712
671 15
349 601
797 677
251 727
472 744
452 326
972 653
726 59
522 204
741 472
361 25
390 148
508 109
256 360
220 601
848 274
756 699
848 986
778 980
134 137
707 89
229 773
369 386
422 404
27 159
553 908
739 985
706 178
160 210
678 820
420 524
616 187
231 553
229 584
877 76
894 890
825 337
312 892
956 573
669 832
20 503
244 517
787 905
938 867
958 358
448 507
526 106
107 239
804 735
847 731
499 585
502 332
395 898
397 240
64 425
856 544
374 650
878 778
443 15
226 501
64 472
774 684
477 292
7 279
245 312
901 807
918 143
477 341
280 783
172 485
140 779
396 669
366 983
662 128
866 551
667 570
648 336
50 536
475 45
2 727
3 658
703 589
244 358
523 40
318 692
581 754
108 792
533 127
593 172
573 910
354 760
480 547
501 839
507 474
384 825
673 229
458 541
683 460
591 719
416 249
956 118
173 903
134 407
265 452
854 6
360 838
522 804
249 466
514 884
914 58
751 747
868 309
163 304
669 804
193 235
394 770
326 329
553 131
978 792
170 749
653 752
636 936
948 284
347 927
773 663
669 582
306 108
325 784
606 163
383 110
153 935
795 16
173 476
429 882
676 309
936 90
610 17
581 309
460 884
487 397
948 673
823 471
439 46
496 544
650 827
559 596
376 502
893 559
941 909
528 34
177 84
713 106
452 986
490 149
898 172
213 764
873 364
852 467
491 517
112 766
777 662
798 316
945 984
537 54
498 362
741 318
546 316
33 343
106 359
986 243
108 914
917 195
543 409
301 542
803 292
565 119
519 160
225 780
797 286
302 932
376 656
103 743
470 238
733 684
113 867
189 590
302 791
854 1
968 963
626 163
935 1
904 427
53 208
510 985
159 993
632 671
606 780
825 280
535 989
929 849
425 234
174 559
156 78
736 1000
122 215
784 574
507 915
402 349
311 885
239 264
322 516
469 467
627 819
131 54
23 508
304 674
413 960
438 573
597 952
345 826
822 983
35 419
878 851
24 912
407 867
619 161
193 379
68 224
918 85
654 875
481 248
541 818
413 659
22 393
374 924
624 988
642 26
955 65
738 435
496 810
334 62
7 492
120 134
799 80
552 275
224 932
480 286
906 790
634 627
498 261
86 542
380 831
292 613
278 560
854 531
768 970
876 875
96 158
115 427
6 78
464 145
11 292
381 308
989 446
484 35
414 31
808 965
842 905
845 470
918 997
484 946
912 931
385 713
228 447
307 776
290 582
274 195
342 525
122 777
948 7
643 563
290 953
320 316
963 578
503 261
877 248
660 610
679 262
402 302
369 801
43 544
687 779
320 171
781 498
710 408
269 222
967 11
438 767
730 413
416 749
724 647
785 810
921 576
813 562
724 371
505 451
303 880
53 668
439 368
40 213
410 118
50 49
876 229
533 708
880 224
202 500
974 622
888 747
158 539
451 559
952 928
136 146
520 928
741 946
98 660
908 63
732 859
126 254
770 56
864 451
822 317
816 422
949 726
35 10
737 164
24 313
281 142
724 934
968 496
417 350
248 887
167 654
814 659
194 616
285 351
267 252
909 645
954 30
522 378
831 500
320 773
86 661
930 7
548 426
289 123
474 443
863 935
846 147
993 621
43 162
975 565
906 108
776 312
812 374
478 522
219 274
510 823
333 294
851 857
512 201
217 885
458 585
518 435
703 125
62 79
891 245
967 824
204 164
406 616
388 35
941 841
269 480
877 75
977 637
339 548
670 552
696 682
330 865
460 62
549 778
930 796
2 479
455 283
739 404
667 467
653 860
554 606
970 160
93 271
740 522
909 3
681 444
511 145
135 959
687 242
600 12
193 586
50 213
344 970
849 851
814 243
230 458
586 114
789 447
81 634
654 523
258 296
794 406
614 319
228 590
211 376
456 360
453 475
20 850
607 471
101 297
675 22
73 712
664 805
704 550
673 553
505 885
824 683
349 956
794 731
890 948
262 29
674 437
539 664
275 354
680 156
134 219
124 467
950 345
130 793
833 589
584 265
513 787
109 274
806 440
536 172
371 555
265 122
892 95
621 375
927 712
18 354
772 655
574 823
464 278
627 651
232 290
647 590
17 299
273 961
311 649
757 617
460 433
543 798
485 834
217 156
800 934
977 746
118 44
36 759
292 345
747 380
440 934
515 867
663 171
313 915
634 41
671 620
867 440
748 81
14 693
805 150
602 475
383 510
184 672
960 724
847 303
335 123
942 465
965 976
126 340
121 180
106 160
306 478
310 318
813 429
177 75
576 562
73 394
2 918
478 883
444 551
638 173
966 740
971 970
850 69
779 451
193 914
968 8
828 524
372 432
64 993
366 210
479 593
817 374
68 824
930 79
487 822
551 957
698 467
882 340
405 527
63 231
391 556
788 192
80 117
445 931
747 787
623 140
331 336
226 562
940 410
484 878
752 534
475 613
38 665
80 147
407 472
778 732
470 312
643 726
113 221
316 918
632 783
501 414
322 355
201 626
660 591
882 875
331 243
667 381
557 833
981 21
88 988
342 977
382 514
904 1000
243 908
430 372
692 847
621 159
571 886
38 329
424 77
840 885
123 595
680 798
992 528
810 385
204 688
973 882
905 659
376 309
999 887
468 269
899 77
960 173
10 748
338 273
675 658
685 309
316 312
64 257
905 845
563 873
984 722
966 294
654 183
547 317
286 275
129 500
348 248
277 52
334 63
872 994
210 249
200 334
945 106
233 168
509 732
769 132
314 43
650 641
11 121
568 729
418 93
578 959
996 402
840 655
904 726
370 213
741 418
873 250
67 79
640 181
362 625
932 933
726 457
232 29
808 966
971 562
250 322
518 69
223 449
231 860
156 286
449 268
507 487
711 556
381 533
406 978
248 898
635 894
156 141
194 120
359 918
19 127
829 658
955 859
351 50
632 700
294 395
532 455
860 852
455 16
346 20
146 153
256 889
867 33
743 722
155 109
516 507
605 749
252 635
808 401
754 469
991 384
313 745
886 254
523 874
799 733
134 231
844 678
937 92
175 324
27 675
144 152
52 561
832 213
135 602
213 610
306 132
128 281
610 470
166 664
116 275
631 588
412 824
929 745
510 15
793 863
867 586
944 669
136 938
176 887
874 338
68 301
71 682
420 354
366 820
707 654
317 742
690 320
440 192
106 11
637 322
675 125
466 770
985 786
124 746
968 64
722 211
580 53
234 393
381 358
509 785
347 186
384 928
25 946
907 316
778 309
507 304
901 278
594 296
522 93
336 56
116 461
660 963
330 659
481 846
116 651
1000 126
527 285
481 959
484 806
838 925
485 587
165 333
386 618
756 970
995 178
852 521
917 344
673 426
584 603
948 228
513 577
659 49
939 427
668 235
155 472
640 19
496 122
230 911
711 84
576 657
566 889
326 498
772 232
757 950
169 437
406 314
248 602
212 509
917 934
478 344
691 73
344 860
217 466
619 725
535 456
900 731
39 825
675 733
81 966
109 693
349 70
41 941
499 361
995 556
541 840
637 915
712 598
487 504
292 250
645 826
704 234
724 229
407 539
600 299
141 459
128 982
521 897
577 525
49 116
215 323
785 568
571 235
793 85
55 18
564 912
90 539
625 906
556 268
519 408
443 461
372 349
634 936
121 731
106 257
399 302
238 258
439 569
195 77
547 928
946 978
696 725
471 377
918 696
613 48
526 665
251 979
26 439
350 517
388 226
228 481
411 643
554 305
283 12
993 967
354 331
652 998
764 386
105 523
783 8
34 537
40 582
458 509
385 929
43 845
925 295
565 192
164 559
754 315
494 691
722 797
800 63
888 872
355 301
946 376
654 57
30 887
472 463
296 157
448 72
112 797
44 698
619 822
748 82
296 955
835 898
398 949
490 497
219 725
796 623
987 897
213 651
20 529
850 288
615 992
144 285
699 461
619 370
262 974
642 167
555 650
936 920
976 613
587 238
125 86
676 858
128 208
145 790
565 590
107 964
200 226
720 489
628 226
538 662
868 689
739 315
600 835
512 485
34 121
309 49
220 620
793 508
208 172
426 255
670 26
945 521
780 367
699 998
405 639
869 442
346 766
377 980
970 32
639 980
821 7
125 922
811 113
906 263
900 484
915 47
539 619
613 822
599 359
433 836
179 360
566 404
933 959
181 698
39 300
905 214
873 746
773 983
118 158
246 451
781 460
980 995
511 997
697 566
938 712
723 562
283 405
948 609
899 63
827 774
923 165
71 607
417 884
179 853
421 688
577 314
600 197
748 653
719 196
685 308
10 596
992 238
167 551
831 879
623 191
975 109
145 976
612 798
975 396
7 494
579 214
44 689
550 768
498 317
499 236
401 825
231 541
750 631
966 592
348 287
595 774
478 910
581 807
358 736
87 471
405 945
780 611
244 35
204 333
349 788
137 815
355 715
816 855
564 541
476 52
878 245
716 752
627 439
557 480
462 604
164 818
789 276
385 719
78 620
658 273
295 330
105 562
87 486
436 174
627 725
374 927
527 478
770 493
118 331
688 718
548 64
731 807
683 837
977 672
430 294
179 98
933 181
535 705
867 177
80 557
134 782
999 948
838 370
702 917
438 620
834 461
583 202
402 810
166 526
369 658
66 658
412 906
148 672
168 190
296 883
779 590
625 562
334 382
245 289
698 804
15 854
549 394
167 571
974 185
85 926
346 426
774 368
742 4
548 325
437 130
115 24
940 31
389 303
785 782
474 441
524 429
949 136
474 40
826 325
419 745
99 669
579 391
173 731
963 996
376 714
677 830
666 559
418 435
890 739
119 247
189 997
527 284
177 824
787 451
844 176
113 954
673 56
154 536
846 7
223 218
356 764
543 919
748 939
878 354
458 297
764 349
711 198
469 183
298 449
725 102
231 477
782 23
325 936
622 726
628 791
517 298
904 929
452 557
948 426
239 807
719 489
520 145
459 687
70 116
746 196
988 812
469 634
992 985
563 898
822 925
470 844
932 245
404 558
117 217
852 428
654 414
987 719
608 664
827 870
918 19
44 388
391 241
893 761
842 297
864 481
931 497
798 436
67 77
214 687
430 984
291 434
720 736
112 725
709 168
803 47
567 30
200 120
349 521
449 911
837 756
720 526
208 306
990 235
640 207
91 111
367 774
849 63
802 111
911 307
255 853
898 698
169 570
495 374
775 352
742 925
126 466
939 91
193 413
798 786
21 159
734 940
365 55
649 450
56 450
259 743
540 876
78 727
227 59
32 59
398 291
877 45
242 484
545 883
847 367
838 664
360 615
400 462
949 3
866 305
8 131
118 34
355 300
481 812
99 717
326 479
202 217
957 87
389 667
943 36
623 100
700 319
663 165
140 230
595 320
733 338
273 412
102 291
775 588
992 195
349 474
331 883
158 736
666 191
727 538
481 925
124 589
971 972
889 927
736 174
491 663
755 962
885 587
870 401
873 115
820 654
966 900
189 873
704 707
962 427
979 27
68 826
163 582
8 517
744 271
356 125
194 880
410 949
128 366
892 14
640 457
569 469
109 500
771 414
25 651
134 487
651 715
582 993
507 217
857 368
626 49
755 431
5 90
372 997
341 82
866 499
350 768
422 189
691 708
801 260
804 941
696 46
571 938
627 534
188 346
939 498
246 448
349 544
361 890
13 801
969 635
492 64
807 699
903 824
47 6
412 641
584 882
35 582
627 820
631 836
229 132
559 683
861 991
205 341
97 882
98 429
482 972
364 424
408 626
300 960
140 25
253 992
434 826
1 485
940 752
903 508
420 328
974 819
867 673
230 99
158 732
414 362
1 135
112 654
424 292
225 353
334 61
232 579
286 160
461 993
914 923
861 308
537 102
663 738
741 718
121 545
964 35
909 670
822 385
381 239
992 444
140 15
719 827
43 298
670 629
48 452
623 528
953 327
901 687
263 438
46 962
837 605
289 95
794 896
375 791
86 878
933 751
110 96
585 344
855 158
603 161
933 624
806 454
646 159
851 815
925 460
638 613
865 852
289 298
147 948
268 679
539 630
906 395
467 595
817 860
803 436
199 120
274 81
645 110
114 656
920 611
740 428
134 749
637 505
891 968
854 188
425 993
387 131
596 611
227 448
584 799
269 21
723 455
916 838
922 647
61 89
245 236
118 106
804 679
571 660
919 214
395 355
400 52
387 462
889 426
447 838
305 873
179 944
515 970
939 677
516 273
420 398
295 786
758 196
198 933
606 920
662 926
495 955
228 39
244 249
337 425
282 474
637 638
818 184
340 724
439 128
225 284
577 551
227 890
693 685
569 887
276 291
841 637
975 355
188 631
746 57
784 278
952 600
664 972
936 593
811 623
730 597
349 152
767 594
751 313
55 374
944 219
341 613
161 199
741 452
544 896
949 151
879 74
811 154
258 822
741 85
155 926
981 550
102 590
177 942
87 167
453 969
6 331
512 204
843 666
401 387
735 408
717 189
475 574
740 98
835 334
382 832
468 685
471 554
772 293
756 980
61 897
156 2
268 580
401 173
104 30
777 474
854 216
605 862
566 716
287 417
757 515
478 60
908 523
378 112
473 860
457 359
904 930
299 808
658 241
629 362
166 472
463 174
121 67
193 478
467 171
675 590
253 582
715 369
936 98
274 633
3 77
421 742
98 341
454 566
814 135
338 324
249 999
840 542
322 877
89 526
109 691
681 306
757 71
560 653
558 136
961 578
250 507
912 10
76 935
63 699
67 572
699 419
383 650
395 155
595 680
300 174
966 767
568 826
589 624
185 922
261 533
873 261
533 153
720 624
451 470
831 388
427 834
279 829
889 128
306 893
315 521
102 723
15 760
306 972
932 616
366 164
494 89
333 485
225 740
484 23
217 692
733 580
495 369
834 829
484 998
727 42
590 358
529 778
561 323
158 498
755 466
977 956
869 358
543 997
268 921
105 521
605 896
324 813
130 982
347 580
921 961
815 421
610 598
857 151
985 458
363 426
715 209
455 474
89 790
563 293
636 821
51 249
914 73
184 470
852 781
66 902
529 294
639 455
22 933
154 357
253 761
235 914
911 517
420 224
5 443
545 717
892 764
205 967
41 894
996 982
830 574
357 540
896 764
490 511
611 941
461 558
779 649
908 115
179 411
126 170
862 766
666 13
577 638
339 351
31 125
288 943
408 164
262 323
580 474
201 467
771 987
976 615
116 154
394 188
79 391
119 634
543 500
157 345
824 708
936 696
777 628
190 387
138 38
525 954
413 96
72 318
848 335
447 129
347 277
904 448
650 44
358 951
307 899
697 15
147 42
354 5
261 94
872 99
562 734
104 141
602 148
536 826
495 84
777 48
872 242
268 957
195 615
52 996
15 144
181 696
645 9
908 749
263 934
144 514
588 69
610 909
174 674
452 404
105 775
88 161
622 796
256 783
477 819
852 801
249 204
820 263
87 768
607 89
956 967
518 954
523 976
620 468
435 336
226 343
672 357
446 880
966 123
866 935
244 887
151 261
874 490
361 693
396 492
92 291
384 492
61 504
311 112
794 90
64 691
616 992
31 81
948 935
272 320
789 357
885 268
300 118
802 976
641 342
736 84
832 551
704 609
524 308
141 836
992 300
998 402
930 110
354 700
650 113
707 96
621 538
512 114
259 859
422 365
651 665
213 344
368 735
960 947
248 901
299 74
892 130
470 488
915 77
369 251
646 303
696 92
921 953
223 113
316 949
728 429
394 887
804 962
172 986
517 419
973 545
723 754
597 149
620 282
782 57
655 309
877 133
92 963
991 397
350 31
361 998
621 128
201 845
187 686
598 400
553 113
862 5
706 561
698 641
821 342
98 289
316 360
945 344
107 437
680 27
310 366
457 134
754 916
331 685
443 87
232 642
486 11
988 201
880 962
25 123
44 305
16 786
439 816
503 936
193 942
286 157
915 719
560 814
15 630
327 960
533 245
368 831
212 786
167 795
3 714
371 900
360 403
747 545
677 986
915 941
793 265
299 48
474 54
113 862
845 101
873 868
12 874
198 849
659 289
734 807
271 47
609 930
4 682
206 528
356 133
74 978
510 906
160 247
959 195
356 276
708 961
694 191
899 556
648 876
578 501
317 415
82 772
114 693
132 20
938 42
708 743
692 236
536 528
938 876
905 381
322 473
514 655
986 624
625 144
481 376
279 37
652 513
709 560
322 584
531 50
500 307
67 880
196 532
503 696
760 235
779 543
447 869
709 338
236 676
623 968
681 305
875 7
163 387
40 64
192 433
763 842
824 994
842 343
625 685
719 47
392 846
194 678
487 731
806 6
386 384
655 413
194 729
968 16
7 613
918 994
889 626
375 523
405 902
484 129
346 174
24 166
502 549
358 569
898 696
95 702
367 837
224 573
55 310
315 982
464 492
212 890
711 608
10 200
733 756
419 788
596 992
243 632
171 247
959 150
356 732
636 481
602 177
685 923
973 310
320 602
195 650
624 552
146 58
274 7
155 264
708 692
160 98
405 846
990 858
344 110
64 960
403 567
79 526
672 124
731 923
459 764
577 49
299 791
654 175
72 679
895 825
623 782
785 800
369 719
83 297
466 355
692 917
236 377
387 265
83 406
891 575
732 364
979 80
802 747
552 30
807 322
723 87
712 708
989 232
287 592
261 743
300 147
825 857
334 522
146 809
879 713
550 795
390 420
301 887
768 884
626 536
733 788
275 676
449 730
281 507
836 3
837 726
832 229
785 827
381 186
937 319
502 627
621 932
379 345
587 796
34 116
966 789
716 632
238 396
314 484
557 360
190 275
907 377
15 332
458 683
557 505
560 419
467 859
323 287
198 665
555 216
207 869
669 112
484 874
87 479
915 48
30 471
55 893
248 83
351 474
432 578
790 290
252 653
513 541
899 612
661 653
29 499
740 281
887 474
395 658
639 533
184 499
520 77
494 656
853 471
156 873
577 266
953 75
458 65
576 804
409 387
652 457
304 679
657 101
843 382
681 111
610 95
222 137
728 906
49 757
32 517
638 397
179 854
224 381
336 195
480 215
457 241
893 605
250 449
88 284
514 285
918 110
244 231
889 238
654 596
801 928
605 250
552 506
571 310
700 146
650 939
238 133
317 734
893 703
586 793
469 899
552 393
55 78
131 518
651 335
529 623
34 327
733 199
438 493
171 738
614 74
55 364
665 456
712 45
16 612
823 875
609 699
684 51
63 703
264 574
797 332
120 472
128 477
76 259
648 644
959 456
51 711
712 267
380 137
903 295
792 227
30 730
388 790
686 771
601 533
229 892
751 987
872 64
506 322
413 278
143 445
313 418
649 24
192 605
561 708
677 458
181 667
21 834
133 280
523 640
564 92
506 36
161 583
203 460
114 737
388 362
664 773
14 420
307 90
92 988
148 990
184 399
682 370
635 446
374 390
736 727
574 261
995 854
870 678
192 25
305 798
472 313
970 24
734 49
899 28
439 335
922 935
474 174
879 845
843 491
738 159
563 984
77 36
679 982
295 669
909 845
664 560
130 148
115 846
667 935
432 84
140 797
324 194
732 199
35 49
842 387
989 208
223 988
426 638
300 91
157 510
984 976
586 908
491 704
935 563
958 656
909 601
194 613
581 887
86 575
203 753
78 147
526 174
803 274
480 541
615 489
93 662
414 768
72 375
453 806
347 303
518 138
997 185
581 570
513 778
219 361
493 138
103 454
510 443
940 463
337 678
946 780
88 604
695 599
844 179
919 707
498 883
959 194
651 533
750 61
483 498
610 592
749 405
401 163
610 963
60 480
248 640
817 975
303 76
450 656
274 450
383 162
743 754
191 667
451 946
969 561
71 177
41 110
611 68
39 983
723 638
80 524
586 266
783 500
827 556
355 544
80 667
762 75
727 975
620 29
692 946
417 832
345 535
17 142
224 438
684 75
101 656
819 305
322 875
931 683
939 664
6 685
120 886
762 301
232 848
340 379
383 807
508 741
220 209
828 400
426 816
979 36
71 318
858 863
110 640
864 484
595 116
742 453
766 463
694 376
804 232
770 392
275 538
681 611
576 327
650 754
337 181
194 726
305 343
550 847
261 348
976 524
538 783
500 662
840 43
713 291
590 987
738 854
280 162
307 651
660 141
829 786
432 956
73 958
792 172
439 731
925 144
587 593
289 246
588 494
760 591
579 510
375 78
83 478
824 429
312 960
599 351
566 396
246 591
477 523
493 190
27 324
982 444
677 386
515 571
991 38
167 61
702 47
338 738
653 665
543 773
271 454
812 810
909 320
112 74
539 207
79 702
287 461
978 77
456 583
936 433
926 812
174 977
644 785
629 509
331 534
901 413
631 643
889 96
641 573
469 652
957 667
625 622
990 294
684 629
25 272
746 714
512 782
822 751
461 701
652 106
304 248
12 137
140 854
702 992
704 966
662 927
262 674
309 746
275 566
868 607
791 249
837 324
949 954
606 515
112 835
242 782
51 972
233 977
955 374
243 136
962 422
376 551
584 76
842 780
440 452
459 480
529 810
650 91
906 33
100 185
217 662
360 323
4 732
976 165
705 633
172 922
484 728
198 670
15 508
401 440
276 904
498 808
854 437
801 63
693 121
753 294
661 539
419 896
99 436
959 794
29 321
344 301
786 188
513 540
113 208
818 621
321 3
998 967
288 180
113 161
919 489
578 173
504 546
322 495
878 648
479 71
645 297
778 906
340 255
947 17
198 245
199 836
112 118
113 387
279 108
794 452
142 476
553 27
539 995
813 601
889 403
317 906
926 776
842 59
127 55
738 595
757 140
499 692
425 569
282 82
232 793
303 696
343 639
286 389
658 616
589 724
317 733
67 758
249 518
895 272
71 850
884 39
809 891
444 704
230 241
328 121
935 526
957 798
450 436
250 898
248 699
817 260
747 583
771 727
367 158
258 958
940 198
63 177
967 671
291 81
96 578
189 763
742 969
526 682
273 576
56 816
219 268
437 509
80 86
996 76
906 340
85 427
801 106
73 670
636 403
610 730
648 995
888 208
865 572
65 855
260 120
468 763
179 328
397 257
289 408
826 737
424 353
554 170
448 359
791 710
545 824
98 126
527 248
219 62
749 440
108 448
97 945
614 894
523 865
62 413
87 806
662 704
256 924
22 867
627 144
795 478
76 442
818 85
953 970
951 723
421 327
117 193
282 438
487 467
185 673
206 265
799 284
743 388
125 327
70 328
383 659
617 759
444 629
541 897
357 820
603 548
107 725
400 755
366 962
638 816
279 677
695 125
236 774
789 232
148 224
884 170
978 211
120 279
929 509
12 439
324 481
2 637
132 700
668 798
724 642
46 626
530 795
267 835
823 846
920 95
216 756
453 807
20 248
424 769
774 33
152 304
389 461
686 685
356 48
121 909
431 710
651 785
217 718
533 326
682 896
32 454
330 321
55 823
373 580
476 307
263 714
548 916
473 22
352 833
398 338
854 285
321 90
564 130
433 640
252 694
751 732
976 282
317 14
138 643
515 231
477 712
316 202
467 334
758 242
572 507
899 861
648 949
657 44
553 83
610 4
903 547
249 996
122 346
648 979
219 637
887 886
600 304
853 962
802 564
289 623
605 33
92 404
156 346
885 337
98 549
319 415
823 31
606 661
516 677
24 283
991 837
263 68
361 62
127 515
441 374
902 293
447 392
431 791
983 202
730 142
310 144
719 764
461 220
299 129
366 171
205 215
371 787
726 411
638 887
716 479
275 889
593 54
901 373
907 684
307 936
327 341
57 145
490 72
869 274
104 148
51 431
680 152
668 294
212 602
749 205
493 911
421 242
743 819
528 800
123 510
70 667
491 151
790 736
757 627
216 329
972 844
105 808
89 435
880 354
262 512
493 689
924 493
672 126
156 775
505 163
329 333
969 416
602 610
508 949
568 302
696 483
201 779
554 769
174 982
293 169
487 53
828 87
558 824
27 307
391 307
429 252
490 506
988 365
805 865
735 736
762 334
340 664
896 622
435 861
400 797
330 466
906 539
870 216
482 761
413 569
106 61
624 434
976 715
462 30
902 383
250 764
828 667
543 96
235 191
694 244
381 199
698 251
495 67
81 139
499 132
854 526
232 265
950 29
272 660
203 696
111 19
29 796
402 270
677 912
196 63
966 779
558 74
988 759
638 659
803 698
241 303
369 498
702 396
319 964
746 796
160 819
458 568
167 144
971 895
467 714
103 962
143 91
347 564
220 830
78 603
894 810
676 642
259 711
77 628
118 352
283 221
393 397
145 220
663 311
9 893
467 409
433 601
285 536
549 891
531 224
383 213
203 435
79 748
425 909
759 158
636 971
823 776
880 29
97 773
723 569
597 127
785 46
878 858
239 712
205 1000
512 270
152 263
305 978
988 369
827 821
353 974
123 804
141 445
992 227
221 207
651 496
952 702
266 862
999 416
272 323
382 418
292 910
756 235
397 181
520 745
153 448
797 951
908 368
552 282
591 219
639 357
506 797
768 850
487 626
399 508
669 494
849 38
45 340
470 803
935 367
383 818
993 602
213 914
172 857
301 635
820 889
233 861
63 1
859 174
255 873
336 84
740 251
383 275
907 756
731 488
289 189
454 529
555 198
155 724
427 331
670 277
599 145
388 872
878 472
511 721
717 870
703 215
890 426
601 821
801 331
490 860
380 472
255 732
332 347
939 325
99 32
706 72
781 410
910 615
503 258
485 819
126 843
777 850
435 98
661 784
350 115
758 284
501 237
212 368
434 150
202 138
790 539
641 809
678 204
493 522
344 838
92 764
933 402
19 686
403 847
334 673
317 941
2 135
189 927
83 80
193 528
486 959
624 284
988 341
370 732
81 535
672 610
529 815
15 812
106 840
629 214
791 363
864 73
404 228
477 506
651 365
580 285
747 857
521 841
629 1000
647 249
889 603
708 505
945 322
129 244
542 864
751 170
937 810
223 525
6 45
195 484
586 767
796 693
223 402
137 419
47 672
87 163
324 535
454 738
167 203
886 737
405 690
85 334
899 640
462 812
156 239
199 203
756 976
562 973
134 562
380 587
963 662
803 801
695 887
536 996
838 689
344 405
52 846
244 758
407 275
801 433
808 371
33 46
791 858
616 464
579 740
449 25
187 561
719 500
496 350
357 659
174 955
715 373
164 245
829 229
978 737
102 425
788 756
32 591
790 240
705 424
27 708
788 913
310 341
7 271
871 76
598 780
508 598
36 237
883 386
721 547
776 700
427 664
907 146
728 661
9 849
440 605
756 35
719 955
791 508
225 429
980 555
983 852
716 881
996 449
23 711
7 66
814 694
257 434
567 394
682 688
367 96
538 700
633 481
802 104
501 235
114 16
295 373
206 704
501 752
55 997
741 198
541 275
655 170
696 825
178 535
324 809
769 940
627 656
523 637
673 328
804 950
97 542
911 867
553 259
520 84
339 694
415 757
507 636
400 338
274 695
170 612
27 21
669 606
467 292
620 492
692 993
658 209
130 278
424 231
559 115
361 588
605 497
73 192
145 307
735 850
495 537
741 785
474 446
804 473
865 221
258 485
408 394
80 935
508 933
323 537
196 297
362 49
563 219
335 870
419 155
737 697
370 631
633 331
634 756
252 194
604 476
925 249
127 593
755 856
96 235
258 694
614 173
444 685
484 322
358 367
395 499
475 1
759 785
318 713
745 163
309 394
336 707
25 963
104 836
472 680
806 765
40 65
431 520
693 165
17 972
223 490
761 983
543 679
947 550
622 228
53 183
769 750
661 424
954 674
57 819
445 813
111 211
104 241
452 649
640 381
825 183
94 492
609 856
320 441
835 266
910 504
179 366
819 473
863 440
332 304
152 950
389 35
147 893
187 952
528 924
2 495
330 928
748 494
562 759
339 850
984 157
341 288
252 989
736 718
843 226
469 763
754 571
155 164
448 170
71 603
583 220
107 175
142 418
550 495
251 907
993 322
44 660
425 686
841 278
490 332
54 581
37 281
884 668
409 162
311 223
331 645
301 37
748 338
597 767
404 850
222 569
577 606
282 370
429 385
486 242
935 955
280 847
72 517
999 304
547 179
569 975
687 280
515 401
284 926
626 571
573 748
333 71
445 653
508 211
932 605
807 419
883 9
265 420
131 687
134 11
673 859
157 170
358 629
414 811
561 910
688 426
570 180
988 587
316 764
902 159
103 912
590 694
313 310
795 630
873 942
801 217
809 694
111 490
960 550
703 214
624 627
716 35
99 451
496 198
26 731
821 936
553 714
562 520
9 664
907 962
322 497
952 808
496 420
792 721
960 371
779 777
579 523
728 207
917 881
287 502
235 961
53 752
48 206
631 807
231 149
117 512
990 194
973 912
360 986
583 337
417 810
995 372
3 229
836 627
273 965
947 442
555 925
679 979
187 497
633 33
391 139
924 7
953 682
108 325
419 194
629 213
500 927
73 304
339 395
895 310
625 790
183 154
172 393
263 98
999 340
907 87
746 181
565 543
837 282
369 766
950 43
698 176
257 318
685 982
615 405
266 36
893 19
34 72
96 497
774 148
133 788
405 991
485 257
342 394
548 545
878 337
6 445
51 548
513 783
878 155
879 198
4 194
924 967
686 802
583 578
773 230
445 853
513 553
545 124
304 812
860 174
363 453
863 496
187 883
522 664
246 402
431 4
605 857
805 311
109 874
626 340
873 106
412 343
574 351
978 956
725 209
819 20
616 608
799 591
359 452
532 806
607 290
679 657
867 433
527 621
676 361
127 969
900 593
408 431
117 163
317 545
50 860
197 27
504 391
712 684
620 845
220 67
367 191
250 742
144 327
515 848
336 417
371 70
949 931
219 138
647 220
253 487
474 500
34 108
163 592
467 988
901 738
229 223
836 457
327 710
972 825
96 524
172 945
356 214
30 275
440 9
169 589
240 916
217 857
55 789
341 184
200 792
347 603
66 312
852 564
544 365
947 792
806 237
311 641
75 592
711 160
658 44
416 847
596 416
13 136
113 484
922 760
869 805
330 312
398 507
268 474
931 618
126 610
40 137
331 442
723 908
279 186
806 430
549 8
788 848
735 861
595 326
377 185
178 442
514 288
625 611
737 937
311 250
519 561
386 175
762 332
432 305
16 176
514 211
614 320
707 702
192 401
803 147
624 436
112 664
370 628
558 395
671 637
102 7
339 467
548 165
512 781
327 870
680 501
755 859
922 350
542 927
615 255
34 174
419 504
58 24
945 187
646 381
474 904
410 669
12 633
289 964
115 470
651 447
298 813
6 490
104 980
267 538
548 633
971 526
402 895
352 27
276 804
388 830
384 653
35 242
794 840
209 408
733 23
467 716
857 468
330 692
223 139
337 459
63 338
835 269
907 936
622 967
420 589
517 57
95 973
818 616
122 877
626 269
476 676
575 324
706 405
100 932
378 66
644 67
921 706
973 649
835 696
850 174
435 294
720 788
278 304
923 13
338 487
688 918
732 699
187 758
83 457
637 882
563 83
819 509
527 564
438 933
576 198
832 112
260 761
154 100
504 225
175 398
645 76
664 681
349 391
690 453
179 632
606 817
748 980
336 633
462 422
933 532
723 484
873 311
429 273
68 215
186 6
152 138
727 421
234 266
436 706
876 656
385 260
703 652
176 143
380 935
650 690
91 60
60 770
202 895
993 600
578 550
746 368
105 136
125 853
976 245
741 59
63 3
376 693
346 21
846 862
498 248
958 135
945 777
925 454
405 809
132 174
351 58
40 517
5 457
189 188
299 548
874 996
601 164
855 619
326 383
358 763
539 362
61 994
333 893
320 164
709 950
765 858
572 466
541 425
264 299
1000 597
31 623
109 935
862 127
459 696
524 732
9 633
230 709
896 923
895 253
936 396
240 809
653 17
672 130
328 476
515 48
559 411
569 256
324 353
54 721
814 715
22 51
534 96
605 218
485 204
625 644
935 969
370 557
694 400
894 360
533 798
625 789
866 537
794 298
542 580
680 788
283 803
334 528
948 534
951 144
178 107
253 450
551 543
352 677
115 481
152 21
689 274
46 625
341 623
812 427
768 943
702 616
261 366
559 829
342 389
323 189
968 806
971 633
276 877
295 3
869 106
138 842
214 177
654 296
574 689
901 431
632 514
998 721
503 45
610 765
132 243
482 360
967 819
398 90
990 720
583 867
376 373
847 798
4 68
49 885
467 482
964 886
271 494
632 958
227 482
27 780
52 767
324 519
717 763
509 423
101 954
144 322
999 977
340 50
732 716
607 434
240 676
14 678
454 473
165 794
439 431
540 378
581 386
958 194
364 494
292 147
274 898
406 143
282 393
527 669
898 47
2 24
554 733
496 909
996 798
227 783
84 652
286 448
913 618
953 709
383 688
645 947
279 402
547 253
181 423
851 339
504 62
11 40
763 943
694 239
158 577
668 502
951 244
3 668
357 55
394 3
271 763
533 20
972 596
280 166
779 188
746 313
105 183
731 135
569 736
306 966
310 774
43 249
372 635
964 263
806 550
440 411
90 394
21 706
496 930
821 43
878 180
56 235
798 789
768 344
990 573
260 816
612 119
668 289
762 580
427 405
925 398
749 315
213 396
929 843
939 382
868 168
781 591
986 831
273 952
82 790
494 397
541 335
691 286
194 346
735 41
350 73
958 264
363 206
80 748
107 197
52 578
706 707
37 760
434 958
181 915
545 688
231 45
609 31
14 557
255 187
233 409
359 201
508 517
182 322
370 738
791 316
244 63
7 365
139 189
512 945
710 820
396 292
325 346
812 929
480 413
927 528
103 341
608 921
379 638
710 726
168 697
668 978
870 392
585 264
56 570
882 506
864 849
884 284
225 681
45 510
802 27
362 514
113 648
459 484
302 946
836 302
472 601
870 459
897 422
807 159
705 637
436 752
946 421
526 637
268 853
492 507
898 776
39 454
243 603
190 118
372 893
891 199
303 445
132 203
482 272
172 692
200 821
666 866
593 322
133 303
155 491
907 824
32 94
394 861
839 445
368 486
443 327
539 385
313 756
83 637
733 956
493 439
706 261
28 313
342 601
826 922
947 130
549 90
584 15
666 294
705 372
245 51
546 944
585 910
912 170
92 650
537 563
477 64
727 194
948 655
1 510
898 100
457 236
444 44
931 841
616 855
871 1
717 675
453 376
951 489
257 133
168 488
906 570
62 900
837 2
604 307
378 792
922 256
755 822
665 34
479 670
910 892
233 32
99 593
555 639
594 27
557 165
688 92
120 366
592 760
132 527
530 834
508 92
147 366
142 94
708 821
858 198
509 614
648 536
5 133
307 997
56 163
294 173
665 527
83 842
246 746
707 388
263 738
857 311
56 18
872 212
359 542
768 447
496 248
65 117
853 148
247 869
218 413
807 711
98 247
778 987
649 268
964 930
759 697
347 928
101 901
389 587
819 58
235 963
844 735
95 343
74 864
796 794
800 349
91 770
514 455
342 724
350 291
153 869
176 514
844 982
73 158
109 712
112 372
439 507
831 981
499 660
724 91
709 501
837 196
692 761
932 40
715 680
224 141
888 356
912 25
249 814
430 853
967 939
549 289
365 853
148 398
331 816
462 42
46 293
233 226
569 888
292 443
37 750
334 96
245 587
543 148
818 405
413 879
417 340
662 354
298 561
747 406
361 215
345 762
471 14
451 274
993 522
116 847
924 652
335 751
142 625
733 968
935 268
356 360
354 747
320 807
843 851
500 605
374 603
360 40
195 31
846 776
616 114
660 980
724 826
238 56
129 516
26 1000
744 221
483 179
467 790
618 570
982 203
975 24
413 324
986 6
380 281
722 524
355 973
997 390
878 100
639 869
86 111
569 135
368 320
422 109
711 297
179 424
722 15
86 175
575 270
182 904
689 50
826 880
79 560
498 673
62 294
193 181
670 673
230 58
216 82
809 963
995 1000
137 930
654 213
17 335
644 939
645 510
494 828
981 310
175 355
70 127
754 720
519 958
867 435
427 751
46 244
289 751
213 525
343 946
236 674
700 113
495 631
724 127
743 173
103 82
783 774
759 43
742 367
871 73
451 386
803 249
73 404
478 626
871 222
254 250
177 438
231 895
132 894
728 519
68 40
430 595
289 845
491 675
208 411
708 472
86 604
107 979
510 492
59 660
190 494
67 97
379 435
986 329
826 254
617 19
234 613
643 953
533 501
312 231
55 625
171 92
105 464
37 472
319 321
553 981
806 257
973 304
96 876
65 787
375 506
436 770
677 572
380 428
792 704
298 139
338 844
959 882
637 481
191 452
933 787
91 592
536 963
960 671
544 478
692 206
57 593
630 278
596 418
523 860
800 219
624 923
933 117
934 790
559 143
463 794
230 563
526 508
112 984
970 202
588 653
849 907
295 247
447 822
563 121
446 863
378 881
970 93
212 248
468 354
698 579
478 607
245 368
512 771
892 985
127 892
220 178
387 557
374 911
294 400
586 239
490 152
362 528
653 395
548 167
220 464
3 618
333 207
408 218
987 968
659 675
664 779
457 563
684 438
889 528
36 916
508 202
375 922
751 239
573 935
320 879
906 42
601 658
696 762
414 861
842 920
792 141
678 649
580 947
591 587
977 768
506 296
74 532
510 964
444 334
981 825
892 228
108 315
636 352
496 221
448 272
835 412
146 171
561 78
83 636
448 399
356 520
90 76
331 378
614 855
243 918
209 858
908 970
305 667
212 255
4 307
939 648
634 224
248 411
340 107
790 349
131 944
4 450
943 177
467 104
667 629
433 136
749 642
843 453
611 865
615 857
840 605
552 81
505 767
641 653
415 46
535 233
764 747
538 148
387 918
742 390
779 392
873 309
314 49
387 807
689 411
48 109
985 828
927 161
159 331
720 575
902 481
787 498
975 36
256 233
257 320
702 626
280 159
85 596
11 337
362 615
378 875
882 366
919 983
702 477
940 338
781 978
517 1000
720 236
630 867
579 35
962 169
13 697
568 418
414 698
224 962
613 960
635 776
878 511
268 969
17 719
387 625
973 504
834 30
801 335
966 322
643 572
8 890
322 349
929 739
783 248
271 404
807 710
97 603
39 600
540 963
374 105
675 892
855 730
332 682
457 371
499 968
100 553
286 814
560 909
217 339
199 807
852 179
804 318
24 840
866 979
204 718
1000 885
629 432
847 489
170 861
706 955
11 723
10 537
687 449
308 309
802 557
306 412
434 681
244 112
797 998
779 295
391 21
50 921
434 568
306 722
167 562
798 464
211 726
140 746
827 416
42 936
996 553
44 78
724 536
546 264
431 894
931 350
860 168
612 537
958 613
155 840
135 310
525 618
985 905
731 189
343 51
310 824
564 587
802 64
824 504
972 784
85 919
232 99
323 332
151 131
881 330
807 166
152 676
603 133
659 151
19 52
458 636
846 555
904 366
247 210
118 386
7 687
817 743
624 515
803 852
398 88
644 336
498 685
593 376
132 140
782 194
782 109
584 980
14 27
173 714
959 575
236 110
734 501
61 117
340 60
16 282
36 853
957 443
740 573
511 76
690 214
982 598
421 340
277 446
849 131
687 135
304 500
140 359
975 583
311 147
892 950
841 48
920 8
741 987
905 947
211 404
999 407
453 319
497 711
301 251
231 894
629 807
278 661
634 591
543 139
893 978
162 434
73 757
276 446
884 139
140 541
916 142
228 806
656 707
142 594
508 22
721 995
205 210
580 882
502 572
229 220
582 720
786 545
149 613
398 363
774 6
506 674
864 516
351 350
812 732
712 472
416 245
470 440
368 286
170 44
156 207
588 202
701 421
56 442
94 278
576 561
79 614
653 48
503 454
342 960
165 73
916 419
910 173
726 277
944 787
492 414
107 199
658 205
786 278
297 355
5 946
568 674
608 607
771 7
520 773
850 500
939 845
689 946
282 120
914 633
330 332
918 69
480 770
461 550
28 667
961 607
419 14
496 939
153 126
120 7
46 499
395 9
269 560
515 296
438 105
519 720
496 826
480 415
832 676
335 787
380 696
793 63
888 123
30 182
695 160
55 257
495 78
336 333
962 561
48 465
160 763
983 229
551 545
863 851
721 958
114 195
171 413
725 798
730 644
583 736
574 621
774 83
869 95
431 532
694 922
203 925
539 839
976 155
691 896
199 361
110 60
773 170
5 48
43 901
461 430
267 765
215 643
630 550
62 50
159 968
833 293
21 823
740 433
564 71
657 931
109 158
528 912
251 664
413 995
239 896
717 560
296 212
278 324
886 233
759 149
320 202
768 542
970 156
817 9
402 480
41 160
605 79
834 511
808 606
212 63
875 265
253 661
364 274
537 896
631 716
784 871
123 989
438 952
123 415
37 406
594 981
555 669
51 170
698 738
728 819
802 518
486 103
131 319
842 263
81 959
82 144
136 776
289 554
718 317
974 171
315 506
906 651
980 504
915 699
966 544
936 638
686 334
68 97
140 598
508 376
788 282
111 973
292 617
276 118
76 754
852 952
263 280
368 59
585 298
409 572
807 300
663 840
621 5
393 16
391 517
17 940
697 194
682 918
129 574
939 13
337 691
734 962
130 884
330 942
670 286
303 339
969 851
380 358
294 50
26 692
821 771
627 588
189 185
943 272
247 871
892 376
860 990
679 314
333 890
463 959
658 115
251 566
326 397
348 589
457 286
238 713
903 791
192 993
235 965
566 795
130 299
795 39
245 100
209 982
191 834
13 94
35 566
255 31
899 5
629 270
671 553
617 902
675 554
876 841
955 408
934 569
357 387
257 886
561 256
752 939
392 458
71 671
93 995
349 281
426 726
614 271
300 195
91 123
603 570
897 951
607 654
900 814
116 171
262 259
452 149
390 142
385 244
357 16
285 339
751 320
93 566
43 257
64 804
342 287
234 508
749 717
399 332
555 490
41 819
523 136
217 679
841 573
751 38
609 585
993 746
412 577
872 389
531 675
603 23
307 594
495 757
368 612
138 984
487 922
937 600
77 725
282 655
268 583
753 224
132 141
830 124
356 483
546 67
364 918
881 4
256 673
882 206
824 353
554 245
347 785
991 730
758 381
498 735
83 567
418 462
938 743
944 872
796 201
249 140
302 134
992 612
277 588
792 928
279 146
363 5
218 768
420 68
991 655
574 445
957 299
690 166
361 740
128 643
383 351
982 817
13 675
269 698
110 792
82 201
980 338
84 655
92 402
7 411
926 759
214 677
401 385
694 371
660 455
201 318
185 929
554 751
789 22
814 699
319 379
637 492
565 639
91 950
253 483
91 456
756 462
760 777
281 400
582 970
669 56
659 615
931 458
176 793
940 132
579 476
85 523
858 269
512 963
772 605
367 845
100 72
417 513
864 517
424 626
299 306
927 700
402 57
739 992
830 393
632 656
652 921
854 19
13 593
105 752
507 164
222 345
109 38
854 768
485 741
142 62
927 384
131 299
425 10
155 433
859 630
621 30
126 644
866 199
646 493
175 35
142 344
339 849
867 784
739 444
758 456
407 908
529 430
378 780
288 508
572 260
568 814
978 559
830 596
675 533
13 102
788 860
805 154
413 976
446 812
50 237
523 649
287 939
649 759
992 221
866 762
760 361
427 618
310 421
921 64
119 815
139 15
824 885
16 850
401 996
552 292
213 206
936 899
975 290
353 759
119 732
615 251
599 726
323 971
879 326
220 321
24 492
671 202
976 894
150 751
215 213
566 679
366 73
538 524
707 143
110 82
815 765
29 56
51 608
329 838
494 348
406 962
65 844
11 151
696 986
735 475
437 644
792 429
976 442
434 394
125 753
934 455
901 134
351 83
373 695
174 568
89 96
47 77
790 646
139 816
19 442
994 404
204 534
333 806
834 333
867 174
179 128
992 701
199 748
869 837
818 985
748 26
770 916
476 373
352 331
300 555
448 222
53 953
245 169
905 744
468 384
568 273
770 182
535 122
25 501
114 970
348 910
123 826
880 991
738 469
23 951
541 950
926 700
324 214
813 421
456 38
202 566
495 143
543 189
68 211
577 453
715 892
42 946
723 345
546 482
505 840
803 401
842 585
618 400
391 870
529 641
418 192
310 850
99 541
25 930
137 312
48 333
67 59
624 88
518 166
439 747
208 131
891 600
582 793
454 760
395 991
497 91
9 199
561 530
856 990
27 345
581 903
393 18
669 44
618 596
160 196
434 479
74 566
759 421
407 496
580 691
595 436
252 681
697 268
365 134
437 521
61 909
562 946
446 729
765 997
435 104
305 907
687 798
155 581
156 982
12 524
839 51
294 338
537 833
141 23
236 411
308 568
700 266
847 725
170 569
412 966
430 15
692 934
676 483
257 939
956 83
339 83
451 653
357 603
656 142
585 824
213 743
822 575
344 618
988 339
610 349
956 177
957 744
600 347
563 849
345 940
2 931
597 562
504 479
880 586
789 128
292 936
41 744
267 154
15 968
533 139
426 521
561 114
559 987
711 960
603 731
513 247
306 847
197 751
727 743
677 961
896 104
402 673
20 16
833 707
280 253
393 930
944 701
910 633
733 630
817 571
671 416
432 615
952 286
551 206
589 23
682 907
627 831
705 570
315 818
434 509
928 263
359 857
930 470
575 85
816 588
138 936
621 279
949 288
27 368
222 356
623 430
386 529
441 618
52 852
494 737
26 427
392 847
285 730
434 180
437 783
187 596
408 871
999 973
786 304
550 473
185 810
900 312
630 43
63 593
407 984
287 358
143 962
827 917
631 695
22 256
782 687
73 191
667 893
481 194
174 159
890 280
253 958
991 48
418 725
650 920
334 417
7 261
304 212
137 295
548 63
309 621
756 186
918 153
499 403
962 777
70 664
980 450
620 985
414 424
524 151
428 252
98 798
798 349
73 580
189 858
781 461
64 769
263 355
431 909
802 243
859 974
971 648
509 713
717 484
684 243
262 921
601 699
836 310
678 529
471 269
848 492
404 109
722 461
799 48
872 482
601 548
53 93
609 965
973 348
741 192
891 319
837 829
414 518
402 54
76 33
264 939
742 746
76 96
599 343
748 627
485 659
289 488
222 350
798 571
855 958
311 668
443 524
653 657
236 61
184 480
939 528
502 152
514 616
805 423
240 919
633 672
340 82
911 527
631 879
927 805
746 528
670 930
988 501
291 799
741 795
83 417
31 833
533 527
951 272
199 527
244 148
117 130
615 903
248 207
391 185
214 996
909 828
452 953
179 611
300 314
644 575
684 764
387 558
780 47
943 621
710 808
659 966
808 270
418 872
705 167
132 974
225 338
279 925
90 592
953 598
807 161
849 485
7 15
263 161
569 550
720 598
827 490
115 44
854 513
581 823
147 489
208 265
688 3
108 882
513 936
253 375
290 483
440 460
973 30
3 922
66 282
358 978
548 614
146 738
272 937
882 216
481 785
63 123
565 997
267 622
17 599
125 942
378 506
108 679
290 564
510 971
207 797
993 643
364 840
381 870
761 676
619 706
925 287
967 132
808 531
110 911
354 69
191 586
32 193
749 460
515 684
218 564
311 529
518 545
257 967
448 49
183 603
920 811
218 20
585 545
537 902
360 243
62 874
373 234
211 131
119 249
165 734
810 517
244 889
663 100
407 881
391 268
68 431
361 675
892 905
594 979
25 500
67 593
712 666
537 337
554 657
82 142
749 818
590 718
300 104
444 485
694 312
72 23
626 674
684 569
55 502
955 204
849 449
336 668
776 969
462 492
375 597
730 580
323 934
270 675
947 604
633 39
875 971
745 129
102 774
486 417
694 90
977 54
650 404
879 515
86 778
593 230
997 140
927 593
750 460
178 759
711 547
911 237
768 149
578 372
134 446
587 703
588 189
368 344
898 923
648 890
668 357
501 468
462 842
912 703
713 904
503 129
369 834
311 708
583 779
342 927
36 606
184 297
203 455
496 75
463 953
1000 715
654 82
990 685
459 814
26 455
347 701
417 962
437 859
518 924
316 28
120 645
709 723
654 364
633 350
597 878
836 746
253 552
352 455
596 42
84 774
747 78
178 383
779 526
399 869
267 66
700 216
373 656
528 457
803 193
35 171
287 911
384 369
6 984
167 416
102 113
799 149
749 790
128 886
20 844
422 872
867 855
158 950
881 771
868 543
986 744
427 851
615 258
673 543
784 400
785 873
57 419
204 278
25 957
357 496
513 912
931 417
20 128
39 164
441 941
59 618
8 712
281 724
670 94
708 789
655 814
802 462
466 481
18 481
484 836
510 448
792 375
613 993
924 844
873 908
345 43
364 769
517 235
5 391
194 448
897 83
569 244
329 639
26 569
230 809
527 183
201 565
109 868
844 281
631 995
977 760
942 634
985 149
653 846
411 367
766 937
715 413
199 772
204 670
588 862
342 756
606 65
718 981
611 813
504 175
838 116
36 54
387 676
151 327
524 803
743 169
433 38
533 96
97 401
940 691
407 558
124 974
340 755
16 217
65 319
461 865
229 261
5 198
812 473
641 379
788 766
954 226
521 797
519 382
98 940
376 822
231 712
422 999
461 67
978 175
580 143
564 788
788 117
241 473
167 817
906 931
266 450
51 872
677 996
971 651
733 552
593 157
339 914
927 920
52 326
399 211
204 393
476 300
930 287
54 399
872 114
436 251
773 196
721 275
830 399
597 384
273 802
521 4
93 6
341 51
761 173
792 625
498 622
229 750
801 485
142 175
39 98
723 692
460 566
669 678
122 53
979 399
111 442
212 38
503 737
202 92
386 903
169 301
316 452
940 897
636 669
196 626
244 167
3 146
98 274
705 284
465 535
213 557
396 451
736 502
933 292
439 63
741 868
966 308
344 547
989 77
500 942
747 167
696 800
218 613
42 845
427 765
870 163
546 621
351 429
124 874
806 955
642 184
664 992
438 31
521 825
10 318
394 81
716 908
334 242
736 50
917 99
96 337
870 397
393 197
232 369
33 352
859 956
897 159
347 64
37 900
65 695
686 531
870 284
484 175
603 435
508 53
555 308
204 350
46 452
498 127
29 901
780 707
150 168
786 512
129 983
170 237
7 978
229 846
621 700
859 203
952 471
961 733
324 816
612 385
354 497
88 541
158 575
712 503
752 516
34 735
597 7
544 65
591 801
740 45
717 775
982 102
40 559
661 659
403 383
226 806
78 831
448 276
116 8
951 770
381 982
458 149
424 285
649 196
835 529
202 158
365 450
458 228
504 852
959 624
49 513
305 671
327 69
164 342
37 32
221 259
717 702
776 336
779 883
499 701
709 766
553 2
791 8
540 264
951 710
899 443
993 436
25 330
175 404
509 362
529 599
24 526
447 746
409 84
796 576
638 281
732 838
382 91
384 406
906 551
720 789
202 564
314 74
691 176
525 352
339 501
492 897
719 926
600 526
214 594
55 358
422 559
629 796
650 258
7 131
957 191
30 32
417 173
45 477
817 396
684 180
479 968
445 616
376 878
377 786
267 572
569 396
422 408
423 177
890 720
342 67
847 629
420 649
350 974
100 145
856 591
564 256
910 300
14 225
976 275
20 434
223 213
981 985
947 809
969 801
181 737
916 628
596 512
136 62
998 920
553 307
881 238
326 497
369 978
740 295
961 54
269 207
606 328
148 992
649 881
192 996
726 865
151 244
516 231
792 839
117 438
421 467
417 946
605 542
363 26
400 32
793 527
848 686
781 86
479 604
936 1
809 9
905 778
35 221
309 998
718 578
679 968
483 911
944 651
296 454
466 601
286 494
842 294
936 831
223 945
956 290
280 771
625 783
186 271
570 287
573 664
577 861
392 699
301 949
360 271
163 812
156 427
992 340
656 731
677 975
841 593
271 786
642 898
510 580
24 85
120 510
301 599
584 397
640 111
630 976
367 810
974 326
208 97
630 727
446 191
764 174
971 460
209 329
227 455
843 662
275 162
151 591
78 597
617 485
85 199
787 63
237 12
502 912
380 500
237 413
157 921
520 465
42 157
669 848
668 104
30 773
731 904
2 430
811 59
758 483
482 166
47 450
982 763
257 516
477 993
973 988
547 10
527 586
268 444
396 73
731 854
400 12
614 637
886 502
709 327
1000 853
842 120
109 679
839 597
224 223
576 100
444 419
802 589
159 88
253 813
989 50
561 434
747 331
289 727
292 974
889 910
79 121
897 1
99 889
408 114
82 377
279 817
706 980
589 326
111 6
497 950
999 121
432 449
879 13
422 710
948 103
790 27
930 173
180 316
552 903
350 612
357 963
722 459
25 521
635 982
787 35
731 443
513 876
643 973
892 110
789 568
232 713
846 578
669 18
726 237
678 971
126 937
87 445
477 513
521 11
351 120
651 486
178 926
81 444
72 146
887 772
995 45
78 851
463 963
873 649
657 852
985 71
913 226
22 966
729 74
730 437
14 362
457 271
184 593
466 189
908 946
307 269
680 785
364 298
438 545
169 300
458 294
672 341
601 305
331 512
67 998
451 583
287 213
219 547
364 456
202 319
222 954
794 219
250 769
27 696
837 135
586 153
166 144
897 722
275 866
537 379
926 319
192 488
410 339
693 888
880 313
534 24
333 897
791 427
723 465
262 319
250 773
569 955
310 43
461 917
172 72
500 845
764 530
341 719
619 286
324 403
837 363
438 399
152 36
116 797
334 204
82 349
409 699
817 278
825 771
328 805
96 449
522 293
261 287
579 300
210 441
987 19
953 167
772 941
664 46
560 463
411 607
493 183
578 767
975 867
725 636
467 868
354 941
398 808
511 599
60 749
243 940
351 446
190 120
397 642
610 703
321 104
363 501
513 618
517 34
41 377
367 689
613 649
815 333
672 181
47 823
501 272
133 666
565 423
821 973
937 192
601 115
984 101
457 746
753 792
883 921
496 271
408 673
649 933
279 102
356 875
123 608
877 439
914 323
454 392
718 837
905 668
448 209
766 625
682 302
896 805
804 406
399 914
734 211
610 453
663 77
889 10
46 49
853 687
897 245
20 596
639 431
279 437
139 334
729 610
990 411
277 212
426 766
957 562
541 947
569 870
509 75
353 679
101 257
690 734
585 460
445 383
307 287
403 781
547 8
106 312
143 909
332 938
523 19
154 594
987 206
717 473
893 248
778 62
67 205
450 223
656 926
146 708
57 103
114 80
229 865
412 135
160 872
806 499
75 327
721 201
596 803
743 908
872 75
855 770
38 216
683 149
474 843
686 1000
378 143
658 333
398 241
787 147
231 227
388 462
28 117
463 42
52 883
807 765
584 488
186 685
65 504
303 34
450 562
308 660
57 652
956 776
539 272
58 567
870 706
892 637
142 279
400 146
454 101
58 978
256 918
670 873
583 184
88 627
179 782
805 206
633 975
207 164
736 448
329 110
850 440
908 88
177 162
729 461
417 659
282 328
914 174
387 731
655 726
192 417
466 64
90 756
325 395
918 240
650 626
499 440
163 400
796 724
391 16
676 930
497 687
558 458
284 843
984 987
774 354
208 437
685 957
561 119
506 838
824 671
452 288
94 961
587 404
2 627
205 88
962 629
413 259
713 413
415 35
423 118
150 682
778 67
309 556
15 280
641 217
509 659
94 739
156 450
211 793
218 7
129 542
556 867
575 193
760 574
621 643
279 17
311 919
699 685
450 815
778 308
707 358
562 140
810 101
811 452
260 70
304 990
263 845
982 431
929 785
397 347
933 889
384 343
955 997
49 878
946 500
186 849
326 338
330 913
226 94
958 279
762 892
890 169
913 150
507 619
735 591
682 349
974 161
169 311
957 438
122 855
279 174
282 254
690 211
58 601
719 364
22 244
211 189
554 565
991 536
706 920
67 922
255 657
602 857
179 520
881 34
282 259
926 616
50 807
343 686
126 10
666 173
563 735
965 159
234 171
822 312
570 728
935 635
183 246
372 261
449 1000
718 232
388 669
814 703
140 538
659 762
93 534
979 621
875 734
751 209
672 56
258 633
261 331
156 439
983 34
147 172
185 97
375 210
717 195
699 600
117 791
557 538
885 957
156 341
759 796
503 14
360 808
677 597
709 997
236 157
191 381
74 589
184 133
661 637
422 131
740 410
763 107
178 927
910 404
634 134
490 556
17 436
701 130
188 315
994 72
777 370
321 862
268 323
120 592
463 224
417 904
967 336
951 591
454 429
455 636
619 807
152 64
287 327
438 662
760 399
622 474
585 868
749 553
92 300
516 478
10 587
616 866
301 56
432 297
359 198
150 752
148 869
774 633
206 335
499 451
111 83
852 325
671 771
783 913
789 340
278 731
119 811
727 552
487 755
805 730
510 336
205 318
168 64
935 748
291 848
357 84
380 923
533 49
864 872
738 881
850 855
416 271
381 319
533 418
994 778
168 990
502 541
375 769
163 709
355 813
526 580
941 556
678 643
481 903
651 761
777 778
34 733
532 332
717 888
898 946
156 40
583 659
492 144
165 310
385 926
960 578
796 504
691 722
854 162
769 816
628 638
834 214
782 46
991 412
43 580
905 417
451 804
14 327
71 370
255 401
112 97
991 301
170 577
101 730
304 595
784 717
918 419
292 508
900 618
244 981
649 565
746 627
749 636
491 148
734 208
216 566
61 434
79 901
559 399
250 469
83 102
348 938
205 623
666 451
83 47
874 366
785 471
55 45
862 711
535 231
576 508
617 512
343 552
788 705
435 795
935 946
992 108
721 610
478 863
673 647
546 399
619 335
457 576
903 33
962 767
928 819
391 973
896 273
385 284
224 804
315 735
90 853
935 353
292 741
846 132
794 611
923 909
11 343
822 189
147 375
646 111
532 92
336 76
105 257
87 145
74 848
219 281
632 494
280 387
686 783
377 897
162 730
454 527
716 374
826 402
904 376
956 283
801 208
855 797
414 605
938 91
372 975
549 547
308 476
477 584
908 646
545 836
449 175
639 684
52 892
433 868
436 467
934 118
882 703
442 784
938 893
317 80
635 477
247 787
196 775
855 720
507 590
414 737
44 851
779 768
302 367
965 725
412 763
736 739
808 272
311 487
296 68
795 58
778 804
417 392
774 916
598 926
602 979
435 552
535 37
349 114
249 838
658 560
571 497
384 453
771 211
62 984
361 301
215 478
822 674
571 366
519 646
991 965
997 664
289 713
487 682
932 309
205 373
6 878
484 444
546 403
289 698
954 392
571 76
58 105
811 605
686 367
216 929
710 529
252 889
974 426
944 201
998 284
581 780
216 848
678 314
343 201
128 6
20 28
459 468
299 47
132 817
121 809
380 3
949 153
506 839
670 93
5 565
582 889
845 489
42 470
752 767
735 398
17 391
204 982
243 536
317 289
688 443
377 526
708 566
242 352
481 568
669 957
389 612
203 23
991 54
460 446
410 660
880 369
240 16
904 961
632 966
706 469
174 743
710 501
293 251
921 642
774 238
411 352
395 551
123 698
808 320
2 351
59 402
683 700
365 613
980 10
608 585
92 730
130 443
222 845
23 164
275 289
306 344
917 648
645 665
278 978
366 253
323 551
982 842
966 463
73 12
951 441
771 207
832 815
427 517
463 323
841 55
913 610
680 371
367 295
277 11
119 838
984 521
419 374
743 137
171 538
79 256
997 781
779 470
673 591
270 751
510 388
183 358
578 836
408 116
689 421
641 26
57 339
774 222
975 619
391 682
341 523
672 879
307 663
72 304
626 971
521 589
869 80
221 386
102 604
51 666
379 313
622 359
234 620
627 463
728 6
9 178
82 552
346 82
485 445
509 551
26 145
80 9
315 850
7 632
711 441
324 908
881 505
648 934
795 521
448 803
912 875
888 679
952 28
610 520
661 636
593 350
21 797
191 461
801 265
60 408
999 527
726 973
636 745
507 491
692 836
714 796
805 419
481 407
282 160
675 907
877 465
143 957
168 71
387 487
279 205
317 890
653 960
856 244
997 263
201 897
261 935
652 312
328 284
560 679
740 829
652 143
301 55
505 740
213 667
1 283
348 118
81 597
776 755
262 418
10 475
600 279
675 455
624 429
515 302
681 570
168 387
794 507
543 196
419 989
289 753
680 510
361 7
309 367
326 711
422 518
974 115
651 60
761 529
916 168
189 890
104 217
530 854
622 400
129 955
539 940
63 22
664 374
364 535
751 101
347 355
669 210
997 229
545 492
657 746
336 909
413 556
761 846
122 912
798 889
17 740
40 643
627 713
275 220
702 149
815 478
782 269
697 507
240 378
173 827
563 414
321 31
303 155
626 258
601 768
583 944
990 946
351 892
27 90
584 865
611 136
468 175
434 971
330 136
884 631
477 39
300 544
894 14
714 18
309 798
400 86
112 320
794 138
723 800
187 221
255 750
512 887
583 500
568 563
953 811
92 305
511 880
206 313
443 89
870 864
638 284
31 182
396 369
325 405
897 599
345 964
736 243
268 544
561 504
779 385
175 868
334 191
428 192
712 971
58 197
152 2
78 226
379 387
513 31
257 345
295 339
694 969
163 531
938 407
702 452
355 763
617 236
191 65
45 296
364 635
368 638
388 795
464 417
873 779
583 592
881 304
972 969
39 482
886 515
265 417
345 758
17 704
869 939
848 214
152 621
635 254
891 104
188 449
32 3
181 354
217 9
414 749
773 938
98 825
438 377
734 369
22 541
60 193
208 330
654 226
735 105
723 625
481 366
463 810
981 169
306 83
658 252
911 722
326 22
844 727
739 507
9 608
875 235
785 7
473 627
681 438
97 175
210 646
785 116
783 481
40 473
224 278
230 570
596 54
562 66
429 57
303 608
953 839
535 320
380 536
549 297
134 38
727 610
430 972
182 189
794 307
172 387
182 847
193 952
931 246
590 857
771 513
684 486
908 886
410 683
162 24
971 786
911 133
77 139
812 66
104 887
233 917
417 78
384 945
332 863
507 673
445 536
841 551
208 100
988 545
536 162
498 789
264 805
828 791
621 641
747 970
87 293
65 783
172 979
554 477
482 464
284 94
920 590
482 67
834 236
835 605
599 428
397 426
109 864
381 923
493 705
810 133
114 566
334 895
479 370
83 573
165 47
493 594
94 644
338 533
139 716
196 907
72 697
681 1
886 90
685 501
835 776
514 419
938 515
780 290
433 201
586 17
804 424
291 247
18 613
572 92
996 944
245 356
139 273
139 315
989 101
292 235
361 641
701 657
232 748
822 655
913 609
607 603
115 825
480 394
40 632
599 603
750 989
570 335
642 208
684 315
261 518
48 93
391 903
672 871
72 83
595 865
674 336
693 436
508 190
688 28
889 749
855 384
103 671
652 81
682 566
601 702
983 60
215 918
552 906
185 103
886 681
78 410
817 602
165 563
566 383
473 348
860 600
755 306
164 673
48 616
985 313
507 205
43 815
138 585
503 185
195 632
507 185
308 441
420 595
204 250
756 831
904 128
374 142
1000 361
682 29
593 750
812 904
669 817
619 618
255 366
666 553
211 368
482 214
799 759
925 600
433 442
394 896
52 676
824 498
218 716
936 303
667 385
283 408
803 84
732 681
236 472
240 795
54 376
294 568
559 4
50 20
831 900
706 587
692 522
67 126
453 250
71 575
2 66
760 256
758 799
559 346
562 10
608 897
177 232
196 284
533 635
112 515
24 677
386 340
885 136
840 263
508 397
629 147
297 800
944 293
980 483
49 135
876 588
760 77
285 356
345 649
881 975
918 920
551 643
944 3
599 861
980 705
512 327
449 145
968 137
896 166
334 180
224 649
959 373
985 970
821 372
627 61
204 346
556 7
636 309
428 402
474 350
711 994
351 819
715 820
540 563
189 603
337 840
191 189
431 642
507 120
380 234
74 909
865 910
351 443
320 517
302 661
838 955
317 27
161 363
713 774
18 180
256 577
973 460
281 946
433 875
360 917
189 174
446 295
189 788
169 194
633 613
388 356
140 453
749 375
313 739
61 69
299 976
28 306
670 737
675 985
658 153
850 907
990 66
633 839
173 412
306 63
571 521
496 657
443 890
947 314
689 983
451 548
857 553
969 423
589 886
700 49
115 979
763 659
658 605
864 458
681 644
222 548
23 973
542 711
390 336
83 158
766 417
987 436
608 975
383 627
405 125
228 560
571 744
552 998
915 704
2 763
665 41
874 264
964 19
694 172
141 740
578 909
205 192
453 675
972 661
419 623
607 197
704 751
906 103
101 113
360 53
859 13
570 200
642 557
42 377
21 656
205 147
924 583
470 25
972 891
460 39
833 539
268 882
551 177
924 869
123 84
587 741
968 609
668 354
427 468
786 149
215 557
365 128
576 705
99 44
448 783
553 311
200 937
772 87
408 994
316 827
333 883
142 665
499 976
389 690
302 365
838 827
307 473
148 851
979 331
197 87
905 788
59 505
26 226
211 162
139 385
326 817
184 874
439 498
520 964
371 424
353 117
140 45
912 30
417 656
71 519
899 296
349 481
975 93
727 652
547 378
513 446
72 858
605 208
254 38
684 705
371 198
278 790
318 963
376 176
373 310
326 610
989 290
242 617
261 545
284 838
600 639
840 174
152 759
951 234
258 629
926 444
177 355
424 557
935 694
572 620
205 85
134 83
60 963
281 558
893 153
290 292
347 317
281 735
285 255
695 564
679 213
215 723
471 581
55 778
981 776
907 947
13 550
605 908
622 26
255 535
866 472
690 970
682 38
187 908
902 547
582 318
237 298
113 356
297 109
333 791
725 274
341 380
549 807
71 167
827 717
57 685
925 336
779 814
781 148
286 882
434 1
329 301
561 478
581 487
14 684
199 656
482 900
54 984
71 794
97 59
822 541
469 875
224 162
338 86
999 399
675 301
396 314
988 188
943 708
764 757
520 685
533 983
230 170
915 760
201 432
430 591
449 926
376 938
929 404
405 919
279 930
318 315
66 304
413 29
399 222
720 285
674 162
56 245
761 944
48 617
468 610
929 976
927 677
416 13
536 814
743 977
725 326
394 732
217 983
683 222
207 692
833 237
817 916
188 327
728 372
776 249
215 301
964 860
930 732
515 694
273 71
866 222
459 796
978 772
411 209
969 735
329 376
477 843
203 275
672 506
560 91
607 250
603 376
848 731
649 542
601 309
21 270
919 179
942 484
782 653
567 905
993 28
442 266
558 180
639 11
35 153
311 124
314 960
832 781
498 898
266 943
193 837
784 160
197 885
895 354
642 2
400 665
186 134
614 206
941 118
664 201
176 944
379 667
909 536
159 201
273 120
814 622
767 751
707 969
873 465
746 97
547 16
180 591
698 482
996 294
992 417
851 486
20 202
51 986
453 718
846 175
429 889
765 37
930 90
78 324
603 39
622 257
843 628
772 568
864 585
518 76
846 841
997 227
321 322
639 966
986 84
289 172
626 207
313 294
632 580
981 863
603 197
316 562
646 450
80 277
174 589
762 721
178 958
344 426
950 884
934 73
22 631
539 411
134 641
563 273
877 145
992 709
517 448
44 874
761 392
889 323
692 858
344 200
95 738
697 580
827 757
791 129
814 493
464 801
984 24
715 344
679 765
442 460
28 465
411 475
112 322
735 698
666 351
560 758
870 919
885 1
123 834
490 451
1 500
185 663
681 378
349 412
980 290
582 170
50 795
70 350
552 489
994 623
594 860
187 94
234 95
953 523
618 249
959 191
737 285
370 286
689 402
671 6
413 818
401 842
917 130
780 958
419 622
976 849
258 944
423 78
172 846
52 404
34 939
508 86
698 386
885 848
299 85
229 796
56 830
608 507
647 332
209 352
797 127
302 839
380 271
809 529
720 116
882 981
265 423
564 269
470 504
366 313
575 399
942 902
579 840
925 332
627 596
333 993
282 597
916 692
748 960
363 354
921 826
670 691
770 593
22 334
183 516
286 373
207 386
101 907
692 830
841 476
235 957
999 645
899 252
425 869
199 102
747 172
252 868
322 281
809 143
648 267
596 193
746 594
619 224
732 513
6 688
558 893
11 714
230 466
196 710
72 972
699 313
227 796
102 104
619 14
642 91
129 54
864 471
538 24
98 531
483 771
926 643
659 772
71 804
664 942
978 22
44 176
673 672
357 183
140 739
417 354
971 903
885 609
481 321
233 10
860 161
272 698
475 69
833 811
461 42
464 210
500 560
895 965
90 820
113 765
366 153
925 236
166 710
488 103
676 610
915 810
702 486
133 937
280 371
246 546
566 145
243 620
81 377
635 958
300 85
203 810
739 972
616 1
65 781
851 986
691 625
963 756
160 231
117 593
192 648
924 249
28 38
781 544
947 776
198 498
308 342
420 904
437 630
636 802
964 889
805 315
181 625
331 172
298 447
192 854
305 585
364 162
14 403
41 87
852 873
155 203
3 47
886 88
999 859
250 310
197 493
386 44
65 685
207 132
541 676
822 894
122 364
253 966
109 236
171 863
832 947
923 492
926 989
193 719
488 745
387 432
225 222
667 995
46 476
343 682
521 950
940 824
978 391
515 873
410 491
56 715
733 239
681 620
370 471
667 774
408 200
672 889
291 940
964 84
336 120
348 465
37 176
209 125
941 324
508 47
91 113
661 197
24 182
528 748
601 700
